Source,Response,A1,A2
I01U_Answer,the boy is dancing to the music,1,1
I01U_Answer,the music is making the boy want to dance,1,1
I01U_Answer,a young male is dancing,1,1
I01U_Answer,a boy is moving to music,1,1
I01U_Answer,the boy is dancing,1,1
I01U_Answer,the boy is listening to music,1,1
I01U_Answer,the boy is singing a song,1,1
I01U_Answer,a guy is dancing,1,1
I01U_Answer,a guy is singing,1,1
I01U_Answer,the young boy is dancing to music,1,1
I01U_Answer,the music makes the young boy smile,0,0
I01U_Answer,a boy is dancing to music,1,1
I01U_Answer,the music makes the boy dance,0,0
I01U_Answer,an adolescent is dancing merrily to some music,1,1
I01U_Answer,the music is stirring up the man's exhilaration to exercise to the rhythm,1,1
I01U_Answer,the boy is dancing to music,1,1
I01U_Answer,music fills the air and makes the boy happy,0,0
I01U_Answer,the teen is dancing to music,1,1
I01U_Answer,the boy is happy,0,0
I01U_Answer,dancing with a boy,0,0
I01U_Answer,stoner,0,0
I01U_Answer,music is playing,1,1
I01U_Answer,"while music plays, the boy dances",0,0
I01U_Answer,this boy dances to music,0,0
I01U_Answer,the music inspires this boy to dance,0,0
I01U_Answer,music moves a young man's feet,0,0
I01U_Answer,"while listening to music, a boy is moving to the beat",1,1
I01U_Answer,music is inspiring a boy to move,1,1
I01U_Answer,the boy is jamming to some music,1,1
I01U_Answer,the boy is dancing like no one is watching,1,1
I01U_Answer,a young man in dancing,1,1
I01U_Answer,the young man dances,0,0
I01U_Answer,music is playing and a boy is dancing,1,1
I01U_Answer,a boy is dancing to some music,1,1
I01U_Answer,the music is causing the boy to dance,1,1
I01U_Answer,the guy is dancing to music,1,1
I01U_Answer,he is doing a happy dance to the music,1,1
I01U_Answer,a little boy is dancing to some music he enjoys,1,1
I01U_Answer,the little boy is dancing to enjoyable music and is having fun,1,1
I01U_Answer,he is dancing,1,1
I01U_Answer,having a great time,0,0
I01U_Answer,a teenager is rocking out,1,1
I01U_Answer,young man is dancing to music,1,1
I01U_Answer,music is playing and a man is dancing,1,1
I01U_Answer,there is music playing and the boy is dancing to it,1,1
I01U_Answer,a boy is listening and dancing to music,1,1
I01U_Answer,dancing,1,1
I01U_Answer,he is listening to music,1,1
I01U_Answer,happy boy,0,0
I01U_Answer,a man is dancing to music,1,1
I01U_Answer,a riling beat is moving a man to dance,1,1
I01U_Answer,"a boy is dancing, while listening to music",1,1
I01U_Answer,"music is playing, while a boy is dancing",1,1
I01U_Answer,music is playing and a boy is dancing to it,1,1
I01U_Answer,there is a boy dancing to music,1,1
I01U_Answer,a boy is getting lost in some music,1,1
I01U_Answer,a preteen boy is dancing to contemporary music,1,1
I01U_Answer,a boy in a blu shirt and gray pants is dancing,1,1
I01U_Answer,a boy is dancing,1,1
I01U_Answer,a blonde boy is dancing to music,1,1
I01U_Answer,the music makes the boy happy and he dances,0,0
I01U_Answer,boy is dancing to music,1,1
I01U_Answer,music is being played so boy can dance,1,1
I01U_Answer,a boy enjoys music,0,0
I01U_Answer,this is a man dancing to music,0,0
I01U_Answer,the sound of music is making the man dance,1,1
I01U_Answer,it is fun to dance,0,0
I01U_Answer,a young boy is dancing to music,1,1
I01U_Answer,a boy is dancing while listening to music,1,1
I01U_Answer,this guy is singing,1,1
I01U_Answer,this guy dancing,1,1
I01U_Answer,the guy is dancing,1,1
I01U_Answer,the guy is happy,0,0
I01U_Answer,a boy is dancing to the music,1,1
I01U_Answer,music surrounds the dancing boy,0,0
I01U_Answer,the young man is dancing to music,1,1
I01U_Answer,a guy is dancing to his favorite music,1,1
I01U_Answer,a person enjoying listening to music,1,1
I01U_Answer,the boy is grooving to the music,1,1
I01U_Answer,a red-headed young man is dancing,1,1
I01U_Answer,a teenager is dancing with joy,1,1
I01U_Answer,a kid is dancing to music,1,1
I01U_Answer,a kid is very happy,0,0
I01U_Answer,the wonderful rhythms and sounds make the boy dance,0,0
I01U_Answer,music gets the boy dancing,0,0
I01U_Answer,this boy loves his music,0,0
I01U_Answer,this song makes me happy,0,0
I01U_Answer,the boy listening to music,1,1
I01U_Answer,the young boy is grooving to the music,1,1
I01U_Answer,the music is making the boy dance his heart out,1,1
I01U_Answer,dancing well,0,0
I01U_Answer,a boy is hip hop dancing to loud music,1,1
I01U_Answer,"a boy is enjoying loud music, dancing and enjoying life",1,1
I01U_Answer,the teen is dancing,1,1
I01U_Answer,singing,1,1
I01U_Answer,a man is moving to music,1,1
I01U_Answer,music has taken over this boys body,0,0
I01U_Answer,a guy is dancing to some music,1,1
I01U_Answer,the music makes the boy happy and excited,0,0
I01U_Answer,"the boy's favorite song came on the radio, and he could not help but to dance to it",0,0
I01U_Answer,the boy is listening to music & dancing,1,1
I01U_Answer,dancing to music having fun,0,0
I01U_Answer,this boy is having a great time dancing,1,1
I01U_Answer,there is music playing,1,1
I01U_Answer,there is music playing and a boy is dancing,1,1
I01U_Answer,boy is dancing,1,1
I01U_Answer,boy is happy,0,0
I01U_Answer,the young man and dancing to the music,1,1
I01U_Answer,the young man having a good time dancing to the song,1,1
I01U_Answer,a young man is moving to music,1,1
I01U_Answer,a boy is happy when dancing,0,0
I01U_Answer,"andy loves the music, it makes him dance",0,0
I01U_Answer,dont know,0,0
I01U_Answer,the boy is doing a happy dance,1,1
I01U_Answer,the man is dancing,1,1
I01U_Answer,the boy is singing and dancing,1,1
I01U_Answer,the boy is listening to music and dancing,1,1
I01U_Answer,the boy is dancing on music,1,1
I01U_Answer,the boy is dancing with the music alone,1,1
I01U_Answer,the boy is dancing with music,1,1
I01U_Answer,the boy is dancing and singing,1,1
I01U_Answer,he is dancing with the music,1,1
I01U_Answer,the boy is singing,1,1
I01U_Answer,a boy is dancing along the music,1,1
I01U_Answer,the boy is dancing with the music,1,1
I01U_Answer,the boy is dancing excitedly with loud and crazy music,1,1
I01U_Answer,the boy is singing a song and dancing,1,1
I01U_Answer,a boy is singing and dancing,1,1
I01U_Answer,the boy is singing and dancing by himself,1,1
I01U_Answer,the boy is singing and dancing at the same time,1,1
I01U_Answer,the boy is listening to song and dancing at the same time,1,1
I01U_Answer,a boy listens to music and dancing,0,0
I01U_Answer,the boy is dancing to a music,1,1
I01U_Answer,he is dancing to the beat,1,1
I01U_Answer,the boy is dancing with some music,1,1
I01U_Answer,a man is dancing with music,1,1
I01U_Answer,the boy who in blue is dancing,1,1
I01U_Answer,the man is dancing while listening music,1,1
I01U_Answer,he is singing and dancing,1,1
I01U_Answer,the boy is dancing so happily,1,1
I01U_Answer,a boy is dancing and singing,1,1
I01U_Answer,a boy is dancing with music,1,1
I01U_Answer,the boy's dancing to the music,1,1
I01U_Answer,the boy is dancing and singing at the same time,1,1
I01U_Answer,"the man is singing and dancing, because he is happy",1,1
I01U_Answer,the man is dancing with song,1,1
I01U_Answer,the boring is dancing while listening to music,0,0
I01U_Answer,the boy is singing while dancing,1,1
I01U_Answer,a boy is dancing with pop music,1,1
I01U_Answer,a boy is dancing around with his smile on his face,1,1
I01U_Answer,he enjoys moving to the music,0,0
I01U_Answer,he loves music,0,0
I01U_Answer,music makes the kid happy,0,0
I01U_Answer,this kid is dancing,1,1
I01U_Answer,the music is making the boy dance,1,1
I01U_Answer,the boy is having fun listening to music,1,1
I01U_Answer,the music made the boy want to dance,0,0
I01U_Answer,the guy is dancing to the music,1,1
I01U_Core,the boy is dancing to the music,1,1
I01U_Core,a young male is dancing,1,1
I01U_Core,a boy is moving to music,1,1
I01U_Core,the boy is dancing,1,1
I01U_Core,the boy likes music,0,0
I01U_Core,the boy is listening to music,0,0
I01U_Core,the boy is singing a song,0,0
I01U_Core,a guy is dancing,1,1
I01U_Core,a guy is singing,0,0
I01U_Core,the young boy is dancing to music,1,1
I01U_Core,the music makes the young boy smile,0,0
I01U_Core,a boy is dancing to music,1,1
I01U_Core,the music makes the boy dance,1,1
I01U_Core,an adolescent is dancing merrily to some music,1,1
I01U_Core,the music is stirring up the man's exhilaration to exercise to the rhythm,0,0
I01U_Core,the boy is dancing to music,1,1
I01U_Core,music fills the air and makes the boy happy,0,0
I01U_Core,the teen is dancing to music,1,1
I01U_Core,the boy is happy,0,0
I01U_Core,the boy is being attacked by music notes,0,0
I01U_Core,stoner,0,0
I01U_Core,music is playing,0,0
I01U_Core,"while music plays, the boy dances",1,1
I01U_Core,this boy dances to music,1,1
I01U_Core,the music inspires this boy to dance,1,1
I01U_Core,music moves a young man's feet,1,1
I01U_Core,"while listening to music, a boy is moving to the beat",1,1
I01U_Core,music is inspiring a boy to move,1,1
I01U_Core,the boy is dancing like no one is watching,1,1
I01U_Core,a young man in dancing,1,1
I01U_Core,the young man dances,1,1
I01U_Core,music is playing and a boy is dancing,1,1
I01U_Core,a boy is dancing to some music,1,1
I01U_Core,the music is causing the boy to dance,1,1
I01U_Core,a boy is enjoying music,0,0
I01U_Core,the guy is dancing to music,1,1
I01U_Core,he is doing a happy dance to the music,1,1
I01U_Core,a little boy is dancing to some music he enjoys,1,1
I01U_Core,the little boy is dancing to enjoyable music and is having fun,1,1
I01U_Core,he is dancing,1,1
I01U_Core,having a great time,0,0
I01U_Core,young man is dancing to music,1,1
I01U_Core,music is playing and a man is dancing,1,1
I01U_Core,there is music playing and the boy is dancing to it,1,1
I01U_Core,a boy is listening and dancing to music,1,1
I01U_Core,dancing,0,0
I01U_Core,music playing,0,0
I01U_Core,he is listening to music,0,0
I01U_Core,boy dancing,1,1
I01U_Core,happy boy,0,0
I01U_Core,a man is dancing to music,1,1
I01U_Core,a riling beat is moving a man to dance,1,1
I01U_Core,"a boy is dancing, while listening to music",1,1
I01U_Core,"music is playing, while a boy is dancing",1,1
I01U_Core,music is playing and a boy is dancing to it,1,1
I01U_Core,there is a boy dancing to music,1,1
I01U_Core,a boy is getting lost in some music,0,0
I01U_Core,a preteen boy is dancing to contemporary music,1,1
I01U_Core,a boy in a blu shirt and gray pants is dancing,1,1
I01U_Core,a boy is dancing,1,1
I01U_Core,a blonde boy is dancing to music,1,1
I01U_Core,the music makes the boy happy and he dances,1,1
I01U_Core,boy is dancing to music,1,1
I01U_Core,music is being played so boy can dance,1,1
I01U_Core,a boy enjoys music,0,0
I01U_Core,this is a man dancing to music,1,1
I01U_Core,the sound of music is making the man dance,1,1
I01U_Core,it is fun to dance,0,0
I01U_Core,a young boy is dancing to music,1,1
I01U_Core,a boy is dancing while listening to music,1,1
I01U_Core,this guy is singing,0,0
I01U_Core,this guy dancing,1,1
I01U_Core,the guy is dancing,1,1
I01U_Core,the guy is happy,0,0
I01U_Core,a boy is dancing to the music,1,1
I01U_Core,music surrounds the dancing boy,1,1
I01U_Core,the young man is dancing to music,1,1
I01U_Core,a guy is dancing to his favorite music,1,1
I01U_Core,a person enjoying listening to music,0,0
I01U_Core,the boy is grooving to the music,1,1
I01U_Core,a red-headed young man is dancing,1,1
I01U_Core,a teenager is dancing with joy,1,1
I01U_Core,a kid is dancing to music,1,1
I01U_Core,a kid is very happy,0,0
I01U_Core,the wonderful rhythms and sounds make the boy dance,1,1
I01U_Core,music gets the boy dancing,1,1
I01U_Core,this boy loves his music,0,0
I01U_Core,this song makes me happy,0,0
I01U_Core,the boy listening to music,0,0
I01U_Core,the young boy is grooving to the music,1,1
I01U_Core,the music is making the boy dance his heart out,1,1
I01U_Core,dancing well,0,0
I01U_Core,a boy is hip hop dancing to loud music,1,1
I01U_Core,"a boy is enjoying loud music, dancing and enjoying life",1,1
I01U_Core,the teen is dancing,1,1
I01U_Core,the teen is enjoying music,0,0
I01U_Core,singing,0,0
I01U_Core,a man is moving to music,1,1
I01U_Core,music has taken over this boys body,0,0
I01U_Core,a guy is dancing to some music,1,1
I01U_Core,this guy is really feeling the music,0,0
I01U_Core,the music makes the boy happy and excited,0,0
I01U_Core,"the boy's favorite song came on the radio, and he could not help but to dance to it",1,1
I01U_Core,the boy is listening to music & dancing,1,1
I01U_Core,this boy is having a great time dancing,1,1
I01U_Core,there is music playing,0,0
I01U_Core,there is music playing and a boy is dancing,1,1
I01U_Core,boy is dancing,1,1
I01U_Core,boy is happy,0,0
I01U_Core,the young man and dancing to the music,1,1
I01U_Core,the young man having a good time dancing to the song,1,1
I01U_Core,a young man is moving to music,1,1
I01U_Core,a boy is happy when dancing,1,1
I01U_Core,"andy loves the music, it makes him dance",1,1
I01U_Core,dont know,0,0
I01U_Core,the boy is doing a happy dance,1,1
I01U_Core,the man is dancing,1,1
I01U_Core,the boy is singing and dancing,1,1
I01U_Core,the boy is listening to music and dancing,1,1
I01U_Core,the boy is dancing on music,1,1
I01U_Core,the boy is dancing with the music alone,1,1
I01U_Core,the boy is dancing with music,1,1
I01U_Core,the boy is dancing and singing,1,1
I01U_Core,he is dancing with the music,1,1
I01U_Core,the boy is singing,0,0
I01U_Core,a boy is dancing along the music,1,1
I01U_Core,the boy is dancing with the music,1,1
I01U_Core,the boy is dancing excitedly with loud and crazy music,1,1
I01U_Core,the boy is singing a song and dancing,1,1
I01U_Core,a boy is singing and dancing,1,1
I01U_Core,the boy is singing and dancing by himself,1,1
I01U_Core,the boy is singing and dancing at the same time,1,1
I01U_Core,the boy is listening to song and dancing at the same time,1,1
I01U_Core,the boy is dancing to a music,1,1
I01U_Core,he is dancing to the beat,1,1
I01U_Core,the boy is dancing with some music,1,1
I01U_Core,a man is dancing with music,1,1
I01U_Core,the boy who in blue is dancing,1,1
I01U_Core,the man is dancing while listening music,1,1
I01U_Core,he is singing and dancing,1,1
I01U_Core,the boy is dancing so happily,1,1
I01U_Core,a boy is dancing and singing,1,1
I01U_Core,a boy is dancing with music,1,1
I01U_Core,the boy's dancing to the music,1,1
I01U_Core,the boy is dancing and singing at the same time,1,1
I01U_Core,"the man is singing and dancing, because he is happy",1,1
I01U_Core,the man is dancing with song,1,1
I01U_Core,the boring is dancing while listening to music,0,0
I01U_Core,the boy is singing while dancing,1,1
I01U_Core,a boy is dancing with pop music,1,1
I01U_Core,a boy is dancing around with his smile on his face,1,1
I01U_Core,he enjoys moving to the music,1,1
I01U_Core,he loves music,0,0
I01U_Core,music makes the kid happy,0,0
I01U_Core,this kid is dancing,1,1
I01U_Core,the music is making the boy dance,1,1
I01U_Core,the boy is having fun listening to music,0,0
I01U_Core,the music made the boy want to dance,1,1
I01U_Core,the guy is dancing to the music,1,1
I01U_Gramm,the boy is dancing to the music,1,1
I01U_Gramm,the music is making the boy want to dance,1,1
I01U_Gramm,a young male is dancing,1,1
I01U_Gramm,a boy is moving to music,1,1
I01U_Gramm,the boy is dancing,1,1
I01U_Gramm,the boy likes music,1,1
I01U_Gramm,the boy is listening to music,1,1
I01U_Gramm,the boy is singing a song,1,1
I01U_Gramm,a guy is dancing,1,1
I01U_Gramm,a guy is singing,1,1
I01U_Gramm,the young boy is dancing to music,1,1
I01U_Gramm,the music makes the young boy smile,1,1
I01U_Gramm,a boy is dancing to music,1,1
I01U_Gramm,the music makes the boy dance,1,1
I01U_Gramm,an adolescent is dancing merrily to some music,1,1
I01U_Gramm,the music is stirring up the man's exhilaration to exercise to the rhythm,1,1
I01U_Gramm,the boy is dancing to music,1,1
I01U_Gramm,music fills the air and makes the boy happy,1,1
I01U_Gramm,the teen is dancing to music,1,1
I01U_Gramm,the boy is happy,1,1
I01U_Gramm,the boy is being attacked by music notes,1,1
I01U_Gramm,stoner,0,0
I01U_Gramm,music is playing,1,1
I01U_Gramm,"while music plays, the boy dances",1,1
I01U_Gramm,this boy dances to music,1,1
I01U_Gramm,the music inspires this boy to dance,1,1
I01U_Gramm,music moves a young man's feet,1,1
I01U_Gramm,"while listening to music, a boy is moving to the beat",1,1
I01U_Gramm,music is inspiring a boy to move,1,1
I01U_Gramm,the boy is jamming to some music,1,1
I01U_Gramm,the boy is dancing like no one is watching,1,1
I01U_Gramm,the young man dances,1,1
I01U_Gramm,music is playing and a boy is dancing,1,1
I01U_Gramm,a boy is dancing to some music,1,1
I01U_Gramm,the music is causing the boy to dance,1,1
I01U_Gramm,a boy is enjoying music,1,1
I01U_Gramm,the guy is dancing to music,1,1
I01U_Gramm,he is doing a happy dance to the music,1,1
I01U_Gramm,a little boy is dancing to some music he enjoys,1,1
I01U_Gramm,the little boy is dancing to enjoyable music and is having fun,1,1
I01U_Gramm,he is dancing,1,1
I01U_Gramm,having a great time,1,1
I01U_Gramm,a teenager is rocking out,1,1
I01U_Gramm,music is playing and a man is dancing,1,1
I01U_Gramm,there is music playing and the boy is dancing to it,1,1
I01U_Gramm,a boy is listening and dancing to music,1,1
I01U_Gramm,dancing,1,1
I01U_Gramm,music playing,0,0
I01U_Gramm,he is listening to music,1,1
I01U_Gramm,boy dancing,0,0
I01U_Gramm,happy boy,0,0
I01U_Gramm,a man is dancing to music,1,1
I01U_Gramm,a riling beat is moving a man to dance,1,1
I01U_Gramm,"a boy is dancing, while listening to music",1,1
I01U_Gramm,"music is playing, while a boy is dancing",1,1
I01U_Gramm,music is playing and a boy is dancing to it,1,1
I01U_Gramm,there is a boy dancing to music,1,1
I01U_Gramm,a boy is getting lost in some music,1,1
I01U_Gramm,a preteen boy is dancing to contemporary music,1,1
I01U_Gramm,a boy in a blu shirt and gray pants is dancing,0,0
I01U_Gramm,a boy is dancing,1,1
I01U_Gramm,a blonde boy is dancing to music,1,1
I01U_Gramm,the music makes the boy happy and he dances,1,1
I01U_Gramm,boy is dancing to music,0,0
I01U_Gramm,music is being played so boy can dance,0,0
I01U_Gramm,a boy enjoys music,1,1
I01U_Gramm,this is a man dancing to music,1,1
I01U_Gramm,the sound of music is making the man dance,1,1
I01U_Gramm,it is fun to dance,1,1
I01U_Gramm,a young boy is dancing to music,1,1
I01U_Gramm,a boy is dancing while listening to music,1,1
I01U_Gramm,this guy is singing,1,1
I01U_Gramm,this guy dancing,0,0
I01U_Gramm,the guy is dancing,1,1
I01U_Gramm,the guy is happy,1,1
I01U_Gramm,a boy is dancing to the music,1,1
I01U_Gramm,music surrounds the dancing boy,1,1
I01U_Gramm,the young man is dancing to music,1,1
I01U_Gramm,a guy is dancing to his favorite music,1,1
I01U_Gramm,the boy is grooving to the music,1,1
I01U_Gramm,a red-headed young man is dancing,1,1
I01U_Gramm,a teenager is dancing with joy,1,1
I01U_Gramm,a kid is dancing to music,1,1
I01U_Gramm,a kid is very happy,1,1
I01U_Gramm,the wonderful rhythms and sounds make the boy dance,1,1
I01U_Gramm,music gets the boy dancing,1,1
I01U_Gramm,this boy loves his music,1,1
I01U_Gramm,this song makes me happy,1,1
I01U_Gramm,the young boy is grooving to the music,1,1
I01U_Gramm,the music is making the boy dance his heart out,1,1
I01U_Gramm,dancing well,1,1
I01U_Gramm,a boy is hip hop dancing to loud music,1,1
I01U_Gramm,"a boy is enjoying loud music, dancing and enjoying life",1,1
I01U_Gramm,the teen is dancing,1,1
I01U_Gramm,the teen is enjoying music,1,1
I01U_Gramm,singing,1,1
I01U_Gramm,a man is moving to music,1,1
I01U_Gramm,a guy is dancing to some music,1,1
I01U_Gramm,this guy is really feeling the music,1,1
I01U_Gramm,the music makes the boy happy and excited,1,1
I01U_Gramm,"the boy's favorite song came on the radio, and he could not help but to dance to it",1,1
I01U_Gramm,the boy is listening to music & dancing,1,1
I01U_Gramm,dancing to music having fun,1,1
I01U_Gramm,this boy is having a great time dancing,1,1
I01U_Gramm,there is music playing,1,1
I01U_Gramm,there is music playing and a boy is dancing,1,1
I01U_Gramm,boy is dancing,0,0
I01U_Gramm,boy is happy,0,0
I01U_Gramm,a young man is moving to music,1,1
I01U_Gramm,a boy is happy when dancing,1,1
I01U_Gramm,"andy loves the music, it makes him dance",0,0
I01U_Gramm,dont know,0,0
I01U_Gramm,the boy is doing a happy dance,1,1
I01U_Gramm,the man is dancing,1,1
I01U_Gramm,the boy is singing and dancing,1,1
I01U_Gramm,the boy is listening to music and dancing,1,1
I01U_Gramm,the boy is dancing on music,0,0
I01U_Gramm,the boy is dancing with the music alone,1,1
I01U_Gramm,the boy is dancing with music,1,1
I01U_Gramm,the boy is dancing and singing,1,1
I01U_Gramm,he is dancing with the music,1,1
I01U_Gramm,the boy is singing,1,1
I01U_Gramm,the boy is dancing with the music,1,1
I01U_Gramm,the boy is dancing excitedly with loud and crazy music,1,1
I01U_Gramm,the boy is singing a song and dancing,1,1
I01U_Gramm,a boy is singing and dancing,1,1
I01U_Gramm,the boy is singing and dancing by himself,1,1
I01U_Gramm,the boy is singing and dancing at the same time,1,1
I01U_Gramm,the boy is listening to song and dancing at the same time,0,0
I01U_Gramm,the boy is dancing to a music,0,0
I01U_Gramm,he is dancing to the beat,1,1
I01U_Gramm,the boy is dancing with some music,1,1
I01U_Gramm,a man is dancing with music,1,1
I01U_Gramm,the man is dancing while listening music,0,0
I01U_Gramm,he is singing and dancing,1,1
I01U_Gramm,the boy is dancing so happily,1,1
I01U_Gramm,a boy is dancing and singing,1,1
I01U_Gramm,a boy is dancing with music,1,1
I01U_Gramm,the boy's dancing to the music,1,1
I01U_Gramm,the boy is dancing and singing at the same time,1,1
I01U_Gramm,the man is dancing with song,0,0
I01U_Gramm,the boring is dancing while listening to music,0,0
I01U_Gramm,the boy is singing while dancing,1,1
I01U_Gramm,a boy is dancing with pop music,1,1
I01U_Gramm,a boy is dancing around with his smile on his face,1,1
I01U_Gramm,the boy is enjoying music and is trying to keep beat to the music,1,1
I01U_Gramm,he enjoys moving to the music,1,1
I01U_Gramm,he loves music,1,1
I01U_Gramm,music makes the kid happy,1,1
I01U_Gramm,this kid is dancing,1,1
I01U_Gramm,the music is making the boy dance,1,1
I01U_Gramm,the boy is having fun listening to music,1,1
I01U_Gramm,the music made the boy want to dance,1,1
I01U_Gramm,the guy is dancing to the music,1,1
I01U_Interp,the boy is dancing to the music,1,1
I01U_Interp,a young male is dancing,1,1
I01U_Interp,the boy is dancing,1,1
I01U_Interp,the boy is listening to music,1,1
I01U_Interp,the boy is singing a song,1,1
I01U_Interp,a guy is dancing,1,1
I01U_Interp,a guy is singing,1,1
I01U_Interp,the young boy is dancing to music,1,1
I01U_Interp,the music makes the young boy smile,1,1
I01U_Interp,a boy is dancing to music,1,1
I01U_Interp,the music makes the boy dance,1,1
I01U_Interp,an adolescent is dancing merrily to some music,1,1
I01U_Interp,the boy is dancing to music,1,1
I01U_Interp,the teen is dancing to music,1,1
I01U_Interp,dancing with a boy,0,0
I01U_Interp,stoner,0,0
I01U_Interp,"while music plays, the boy dances",1,1
I01U_Interp,this boy dances to music,1,1
I01U_Interp,the music inspires this boy to dance,1,1
I01U_Interp,the boy is dancing like no one is watching,1,1
I01U_Interp,the young man dances,1,1
I01U_Interp,music is playing and a boy is dancing,1,1
I01U_Interp,a boy is dancing to some music,1,1
I01U_Interp,the music is causing the boy to dance,1,1
I01U_Interp,the guy is dancing to music,1,1
I01U_Interp,he is doing a happy dance to the music,1,1
I01U_Interp,a little boy is dancing to some music he enjoys,1,1
I01U_Interp,the little boy is dancing to enjoyable music and is having fun,1,1
I01U_Interp,he is dancing,1,1
I01U_Interp,having a great time,0,0
I01U_Interp,a teenager is rocking out,0,0
I01U_Interp,young man is dancing to music,1,1
I01U_Interp,music is playing and a man is dancing,1,1
I01U_Interp,there is music playing and the boy is dancing to it,1,1
I01U_Interp,a boy is listening and dancing to music,1,1
I01U_Interp,he is listening to music,1,1
I01U_Interp,boy dancing,1,1
I01U_Interp,happy boy,0,0
I01U_Interp,a man is dancing to music,1,1
I01U_Interp,a riling beat is moving a man to dance,1,1
I01U_Interp,"a boy is dancing, while listening to music",1,1
I01U_Interp,"music is playing, while a boy is dancing",1,1
I01U_Interp,music is playing and a boy is dancing to it,1,1
I01U_Interp,there is a boy dancing to music,1,1
I01U_Interp,a preteen boy is dancing to contemporary music,1,1
I01U_Interp,a boy in a blu shirt and gray pants is dancing,1,1
I01U_Interp,a boy is dancing,1,1
I01U_Interp,a blonde boy is dancing to music,1,1
I01U_Interp,the music makes the boy happy and he dances,1,1
I01U_Interp,boy is dancing to music,1,1
I01U_Interp,music is being played so boy can dance,1,1
I01U_Interp,this is a man dancing to music,1,1
I01U_Interp,the sound of music is making the man dance,1,1
I01U_Interp,it is fun to dance,0,0
I01U_Interp,a young boy is dancing to music,1,1
I01U_Interp,a boy is dancing while listening to music,1,1
I01U_Interp,this guy is singing,1,1
I01U_Interp,this guy dancing,1,1
I01U_Interp,the guy is dancing,1,1
I01U_Interp,a boy is dancing to the music,1,1
I01U_Interp,music surrounds the dancing boy,1,1
I01U_Interp,the young man is dancing to music,1,1
I01U_Interp,a guy is dancing to his favorite music,1,1
I01U_Interp,a person enjoying listening to music,1,1
I01U_Interp,a red-headed young man is dancing,1,1
I01U_Interp,a teenager is dancing with joy,1,1
I01U_Interp,a kid is dancing to music,1,1
I01U_Interp,the wonderful rhythms and sounds make the boy dance,1,1
I01U_Interp,music gets the boy dancing,1,1
I01U_Interp,this song makes me happy,0,0
I01U_Interp,the boy listening to music,1,1
I01U_Interp,the music is making the boy dance his heart out,1,1
I01U_Interp,a boy is hip hop dancing to loud music,1,1
I01U_Interp,"a boy is enjoying loud music, dancing and enjoying life",1,1
I01U_Interp,the teen is dancing,1,1
I01U_Interp,a man is moving to music,1,1
I01U_Interp,a guy is dancing to some music,1,1
I01U_Interp,"the boy's favorite song came on the radio, and he could not help but to dance to it",1,1
I01U_Interp,the boy is listening to music & dancing,1,1
I01U_Interp,this boy is having a great time dancing,1,1
I01U_Interp,there is music playing,1,1
I01U_Interp,there is music playing and a boy is dancing,1,1
I01U_Interp,boy is dancing,1,1
I01U_Interp,the young man having a good time dancing to the song,1,1
I01U_Interp,a boy is happy when dancing,1,1
I01U_Interp,"andy loves the music, it makes him dance",1,1
I01U_Interp,dont know,0,0
I01U_Interp,the boy is doing a happy dance,1,1
I01U_Interp,the man is dancing,1,1
I01U_Interp,the boy is singing and dancing,1,1
I01U_Interp,the boy is listening to music and dancing,1,1
I01U_Interp,the boy is dancing with the music alone,1,1
I01U_Interp,the boy is dancing with music,1,1
I01U_Interp,the boy is dancing and singing,1,1
I01U_Interp,he is dancing with the music,1,1
I01U_Interp,the boy is singing,1,1
I01U_Interp,a boy is dancing along the music,1,1
I01U_Interp,the boy is dancing with the music,1,1
I01U_Interp,the boy is dancing excitedly with loud and crazy music,1,1
I01U_Interp,the boy is singing a song and dancing,1,1
I01U_Interp,a boy is singing and dancing,1,1
I01U_Interp,the boy is singing and dancing by himself,1,1
I01U_Interp,the boy is singing and dancing at the same time,1,1
I01U_Interp,the boy is listening to song and dancing at the same time,1,1
I01U_Interp,a boy listens to music and dancing,1,1
I01U_Interp,the boy is dancing to a music,1,1
I01U_Interp,he is dancing to the beat,1,1
I01U_Interp,the boy is dancing with some music,1,1
I01U_Interp,a man is dancing with music,1,1
I01U_Interp,the boy who in blue is dancing,1,1
I01U_Interp,the man is dancing while listening music,1,1
I01U_Interp,he is singing and dancing,1,1
I01U_Interp,the boy is dancing so happily,1,1
I01U_Interp,a boy is dancing and singing,1,1
I01U_Interp,a boy is dancing with music,1,1
I01U_Interp,the boy's dancing to the music,1,1
I01U_Interp,the boy is dancing and singing at the same time,1,1
I01U_Interp,"the man is singing and dancing, because he is happy",1,1
I01U_Interp,the man is dancing with song,1,1
I01U_Interp,the boring is dancing while listening to music,0,0
I01U_Interp,the boy is singing while dancing,1,1
I01U_Interp,a boy is dancing with pop music,1,1
I01U_Interp,a boy is dancing around with his smile on his face,1,1
I01U_Interp,this kid is dancing,1,1
I01U_Interp,the music is making the boy dance,1,1
I01U_Interp,the guy is dancing to the music,1,1
I01U_Verif,the boy is dancing to the music,1,1
I01U_Verif,the music is making the boy want to dance,1,1
I01U_Verif,a young male is dancing,1,1
I01U_Verif,a boy is moving to music,1,1
I01U_Verif,the boy is dancing,1,1
I01U_Verif,the boy likes music,1,1
I01U_Verif,the boy is listening to music,1,1
I01U_Verif,a guy is dancing,1,1
I01U_Verif,the young boy is dancing to music,1,1
I01U_Verif,the music makes the young boy smile,1,1
I01U_Verif,a boy is dancing to music,1,1
I01U_Verif,the music makes the boy dance,1,1
I01U_Verif,an adolescent is dancing merrily to some music,1,1
I01U_Verif,the boy is dancing to music,1,1
I01U_Verif,music fills the air and makes the boy happy,1,1
I01U_Verif,the teen is dancing to music,1,1
I01U_Verif,the boy is happy,1,1
I01U_Verif,the boy is being attacked by music notes,0,0
I01U_Verif,dancing with a boy,0,0
I01U_Verif,stoner,0,0
I01U_Verif,music is playing,1,1
I01U_Verif,"while music plays, the boy dances",1,1
I01U_Verif,this boy dances to music,1,1
I01U_Verif,the music inspires this boy to dance,1,1
I01U_Verif,music moves a young man's feet,1,1
I01U_Verif,"while listening to music, a boy is moving to the beat",1,1
I01U_Verif,music is inspiring a boy to move,1,1
I01U_Verif,the boy is jamming to some music,1,1
I01U_Verif,the boy is dancing like no one is watching,1,1
I01U_Verif,a young man in dancing,1,1
I01U_Verif,the young man dances,1,1
I01U_Verif,music is playing and a boy is dancing,1,1
I01U_Verif,a boy is dancing to some music,1,1
I01U_Verif,the music is causing the boy to dance,1,1
I01U_Verif,a boy is enjoying music,1,1
I01U_Verif,the guy is dancing to music,1,1
I01U_Verif,he is doing a happy dance to the music,1,1
I01U_Verif,a little boy is dancing to some music he enjoys,1,1
I01U_Verif,the little boy is dancing to enjoyable music and is having fun,1,1
I01U_Verif,he is dancing,1,1
I01U_Verif,a teenager is rocking out,1,1
I01U_Verif,young man is dancing to music,1,1
I01U_Verif,music is playing and a man is dancing,1,1
I01U_Verif,there is music playing and the boy is dancing to it,1,1
I01U_Verif,a boy is listening and dancing to music,1,1
I01U_Verif,dancing,1,1
I01U_Verif,he is listening to music,1,1
I01U_Verif,boy dancing,1,1
I01U_Verif,a man is dancing to music,1,1
I01U_Verif,"a boy is dancing, while listening to music",1,1
I01U_Verif,"music is playing, while a boy is dancing",1,1
I01U_Verif,music is playing and a boy is dancing to it,1,1
I01U_Verif,there is a boy dancing to music,1,1
I01U_Verif,a boy is getting lost in some music,1,1
I01U_Verif,a preteen boy is dancing to contemporary music,0,0
I01U_Verif,a boy in a blu shirt and gray pants is dancing,1,1
I01U_Verif,a boy is dancing,1,1
I01U_Verif,a blonde boy is dancing to music,1,1
I01U_Verif,the music makes the boy happy and he dances,1,1
I01U_Verif,boy is dancing to music,1,1
I01U_Verif,music is being played so boy can dance,1,1
I01U_Verif,a boy enjoys music,1,1
I01U_Verif,this is a man dancing to music,1,1
I01U_Verif,the sound of music is making the man dance,1,1
I01U_Verif,it is fun to dance,0,0
I01U_Verif,a young boy is dancing to music,1,1
I01U_Verif,a boy is dancing while listening to music,1,1
I01U_Verif,this guy dancing,1,1
I01U_Verif,the guy is dancing,1,1
I01U_Verif,the guy is happy,1,1
I01U_Verif,a boy is dancing to the music,1,1
I01U_Verif,music surrounds the dancing boy,1,1
I01U_Verif,the young man is dancing to music,1,1
I01U_Verif,a guy is dancing to his favorite music,0,0
I01U_Verif,a person enjoying listening to music,1,1
I01U_Verif,the boy is grooving to the music,1,1
I01U_Verif,a red-headed young man is dancing,1,1
I01U_Verif,a teenager is dancing with joy,1,1
I01U_Verif,a kid is dancing to music,1,1
I01U_Verif,a kid is very happy,1,1
I01U_Verif,the wonderful rhythms and sounds make the boy dance,1,1
I01U_Verif,music gets the boy dancing,1,1
I01U_Verif,this boy loves his music,1,1
I01U_Verif,this song makes me happy,0,0
I01U_Verif,the boy listening to music,1,1
I01U_Verif,the young boy is grooving to the music,1,1
I01U_Verif,the music is making the boy dance his heart out,1,1
I01U_Verif,a boy is hip hop dancing to loud music,0,0
I01U_Verif,the teen is dancing,1,1
I01U_Verif,the teen is enjoying music,1,1
I01U_Verif,a man is moving to music,1,1
I01U_Verif,music has taken over this boys body,1,1
I01U_Verif,a guy is dancing to some music,1,1
I01U_Verif,this guy is really feeling the music,1,1
I01U_Verif,the music makes the boy happy and excited,1,1
I01U_Verif,"the boy's favorite song came on the radio, and he could not help but to dance to it",0,0
I01U_Verif,the boy is listening to music & dancing,1,1
I01U_Verif,dancing to music having fun,1,1
I01U_Verif,this boy is having a great time dancing,1,1
I01U_Verif,there is music playing,1,1
I01U_Verif,there is music playing and a boy is dancing,1,1
I01U_Verif,boy is dancing,1,1
I01U_Verif,boy is happy,1,1
I01U_Verif,the young man and dancing to the music,1,1
I01U_Verif,the young man having a good time dancing to the song,1,1
I01U_Verif,a young man is moving to music,1,1
I01U_Verif,a boy is happy when dancing,1,1
I01U_Verif,"andy loves the music, it makes him dance",0,0
I01U_Verif,dont know,0,0
I01U_Verif,the boy is doing a happy dance,1,1
I01U_Verif,the man is dancing,1,1
I01U_Verif,the boy is listening to music and dancing,1,1
I01U_Verif,the boy is dancing with the music alone,1,1
I01U_Verif,the boy is dancing with music,1,1
I01U_Verif,he is dancing with the music,1,1
I01U_Verif,a boy is dancing along the music,1,1
I01U_Verif,the boy is dancing with the music,1,1
I01U_Verif,the boy is dancing excitedly with loud and crazy music,0,0
I01U_Verif,the boy is listening to song and dancing at the same time,1,1
I01U_Verif,the boy is dancing to a music,1,1
I01U_Verif,he is dancing to the beat,1,1
I01U_Verif,the boy is dancing with some music,1,1
I01U_Verif,a man is dancing with music,1,1
I01U_Verif,the man is dancing while listening music,1,1
I01U_Verif,the boy is dancing so happily,1,1
I01U_Verif,a boy is dancing with music,1,1
I01U_Verif,the boy's dancing to the music,1,1
I01U_Verif,"the man is singing and dancing, because he is happy",0,0
I01U_Verif,the man is dancing with song,1,1
I01U_Verif,a boy is dancing with pop music,0,0
I01U_Verif,a boy is dancing around with his smile on his face,1,1
I01U_Verif,the boy is enjoying music and is trying to keep beat to the music,1,1
I01U_Verif,he enjoys moving to the music,1,1
I01U_Verif,he loves music,1,1
I01U_Verif,music makes the kid happy,1,1
I01U_Verif,this kid is dancing,1,1
I01U_Verif,the music is making the boy dance,1,1
I01U_Verif,the boy is having fun listening to music,1,1
I01U_Verif,the music made the boy want to dance,1,1
I01U_Verif,the guy is dancing to the music,1,1
I02U_Answer,the boy is eating pizza,1,1
I02U_Answer,pizza is being eating by the boy,1,1
I02U_Answer,a child is eating a slice of pizza,1,1
I02U_Answer,a young boy is eating pizza,1,1
I02U_Answer,the boy likes pizza,0,0
I02U_Answer,the boy is eating a piece of pizza,1,1
I02U_Answer,the boy is excited about the size of the pizza,0,0
I02U_Answer,a boy is eating pizza,1,1
I02U_Answer,a boy is smiling,1,1
I02U_Answer,the boy can not wait to eat pizza,0,0
I02U_Answer,pizza makes the boy happy,0,0
I02U_Answer,timmy is eating pizza,1,1
I02U_Answer,the pizza is eaten by timmy,0,0
I02U_Answer,the child is pausing ere he eats the (pizza) pie realizing it needs a condiment to taste even more toothsome,1,1
I02U_Answer,the boy eats are large piece of pizza,0,0
I02U_Answer,a young boy has a big appetite,0,0
I02U_Answer,the child is eating pizza,1,1
I02U_Answer,this boy is happily eating,1,1
I02U_Answer,the boy is eating a slice of pizza,1,1
I02U_Answer,a boy is eating a slice of pizza,1,1
I02U_Answer,a slice of pizza is being eaten by a boy,1,1
I02U_Answer,this pizza slice will soon disappear,0,0
I02U_Answer,a youngster anticipates the taste of pizza,0,0
I02U_Answer,"eager with anticipation born from scheduled pizza on the menu, a boy is salivating to begin eating",1,1
I02U_Answer,a boy is enjoying a slice of pizza,1,1
I02U_Answer,a piece of pizza is being eaten by a boy,1,1
I02U_Answer,the boy is chowing down,1,1
I02U_Answer,the boy eats pizza,0,0
I02U_Answer,the boy in the picture is enjoying a slice of pizza,1,1
I02U_Answer,the little boy is eating a slice of pizza,1,1
I02U_Answer,a slice of pizza is being eaten by a little boy,1,1
I02U_Answer,he loves eating pizza,0,0
I02U_Answer,most kids like to eat pizza,0,0
I02U_Answer,the boy's eating his favorite food,1,1
I02U_Answer,the little boy decided to eat pizza for lunch,0,0
I02U_Answer,the boy enjoys pizza,0,0
I02U_Answer,eating pizza,0,0
I02U_Answer,thoroughly enjoying this,0,0
I02U_Answer,a blonde boy with freckles is eating a slice of pizza,1,1
I02U_Answer,boy is eating pizza,1,1
I02U_Answer,pizza is being eaten by a young boy,1,1
I02U_Answer,the pizza is being eaten by a boy,1,1
I02U_Answer,little boy,0,0
I02U_Answer,the boy eats the pizza,0,0
I02U_Answer,the pizza is eaten by the boy,0,0
I02U_Answer,littler. it eating pizza,0,0
I02U_Answer,guy eating pizza,1,1
I02U_Answer,a little boy is joyously eating a slice of pizza,1,1
I02U_Answer,a boy was given pizza to eat,0,0
I02U_Answer,a toddler is enjoying a slice of pizza,1,1
I02U_Answer,a young boy wearing tennis shoes is eating pizza,1,1
I02U_Answer,a child is eating pizza,1,1
I02U_Answer,pizza is being eaten by a child,1,1
I02U_Answer,pepperoni pizza makes the boy smile,0,0
I02U_Answer,child is eating pizza,1,1
I02U_Answer,the kid eats pizza,0,0
I02U_Answer,a boy is taking a bite of pizza,1,1
I02U_Answer,he is hungry for pizza,0,0
I02U_Answer,at lunch time the boy ate a slice of pizza,0,0
I02U_Answer,this eating pizza,0,0
I02U_Answer,this guy having a pizza,1,1
I02U_Answer,the child is hungry,0,0
I02U_Answer,pizza is being eaten by a boy,1,1
I02U_Answer,a little boy is about to bite a slice of pizza,1,1
I02U_Answer,the boys take a bite out of the pizza,0,0
I02U_Answer,a kid is eating a slice of pizza,1,1
I02U_Answer,a freckled child is eating a pizza,1,1
I02U_Answer,he sure is happy,0,0
I02U_Answer,pizza is this boy's favorite food,0,0
I02U_Answer,the boy loves pizza,0,0
I02U_Answer,this boy is enjoying a slice of pizza,1,1
I02U_Answer,a boy eats pizza,0,0
I02U_Answer,boy eating pizza,1,1
I02U_Answer,pizza eaten by a boy,0,0
I02U_Answer,crosby can't wait to take a bite of the pizza,0,0
I02U_Answer,timmy loves pizza,0,0
I02U_Answer,eating pizza happily,0,0
I02U_Answer,a child is eating a slice of pepperoni pizza,1,1
I02U_Answer,a small boy is happily munching on a slice of pepperoni pie,1,1
I02U_Answer,a slice of pizza is being eaten,1,1
I02U_Answer,eating,0,0
I02U_Answer,pizza,0,0
I02U_Answer,kid is eating pizza,1,1
I02U_Answer,he is eating a slice of pizza,1,1
I02U_Answer,a little boy is eating a slice of pizza,1,1
I02U_Answer,pizza is the boy's favorite food,0,0
I02U_Answer,the boy is enjoying a slice of pizza,1,1
I02U_Answer,the boy is about to take a bite of pizza,0,0
I02U_Answer,the boy loves to eat pizza,0,0
I02U_Answer,a little boy eating pizza,1,1
I02U_Answer,having pizza,0,0
I02U_Answer,child is eating lunch,1,1
I02U_Answer,the kids show love pizza,0,0
I02U_Answer,a kid is eating pizza,1,1
I02U_Answer,tommy is eating pizza,1,1
I02U_Answer,pizza is tommy's favorite food,0,0
I02U_Answer,eat,0,0
I02U_Answer,food,0,0
I02U_Answer,the kid''s eating pizza,1,1
I02U_Answer,the kid is fixin' to eat a piece of pizza,1,1
I02U_Answer,the little boy is eating the pizza,1,1
I02U_Answer,the boy is eating his pizza,1,1
I02U_Answer,a boy is eating a piece of pizza,1,1
I02U_Answer,the boy is having a slide of pizza,1,1
I02U_Answer,he is eating pizza,1,1
I02U_Answer,the boy is going to eat a delicious pizza,0,0
I02U_Answer,a little boy is having a slice of pizza,1,1
I02U_Answer,the boy is hungry,0,0
I02U_Answer,the boy is eating the pizza,1,1
I02U_Answer,the boy is eating a pizza,1,1
I02U_Answer,the boy is eating,1,1
I02U_Answer,the little boy is eating a whole piece of pizza,1,1
I02U_Answer,the boy is preparing to eat a pepperoni pizza,1,1
I02U_Answer,the boy is trying to eat a piece of pizza,1,1
I02U_Answer,a boy is eating a pizza,1,1
I02U_Answer,the little boy is having a piece of pizza,1,1
I02U_Answer,a lovely boy eats a pizza,0,0
I02U_Answer,a boy is putting a piece of pizza in his mouth,1,1
I02U_Answer,the boy is about to eat the pizza,0,0
I02U_Answer,he is eating a pizza,1,1
I02U_Answer,the little boy is eating a piece of pizza,1,1
I02U_Answer,a boy is having pizza,1,1
I02U_Answer,a boy who wear a green t-shirt is eating a piece of pizza,1,1
I02U_Answer,he is eating the pizza,1,1
I02U_Answer,the boy is eating a delicious-looking pizza,1,1
I02U_Answer,the boy is eating a pizza because he is hungry,1,1
I02U_Answer,a little boy is eating a piece of pizza,1,1
I02U_Answer,a little boy is eating a pizza,1,1
I02U_Answer,he's having a pizza,1,1
I02U_Answer,the boy is enjoying his pizza,1,1
I02U_Answer,the child is eating a piece of pizza,1,1
I02U_Answer,the boy is eating for pizza,1,1
I02U_Answer,the little boy is eating pizza,1,1
I02U_Answer,the kid is eating a pizza,1,1
I02U_Answer,the boy in green shirts is eating a piece of the delicious pizza,1,1
I02U_Answer,a boy is eating a big slice of pizza,1,1
I02U_Answer,the little boy is going to eat pizza,1,1
I02U_Answer,he loves pizza,0,0
I02U_Answer,he is eating lunch,1,1
I02U_Answer,the boy is eating food,1,1
I02U_Answer,this boy is getting ready to eat a slice of pizza,1,1
I02U_Answer,the boy is about to eat a delicious slice of pizza,0,0
I02U_Answer,"the boy is about to taste a nice, hot pizza",0,0
I02U_Answer,the boy is going to eat some pizza,0,0
I02U_Core,the boy is eating pizza,1,1
I02U_Core,pizza is being eating by the boy,1,1
I02U_Core,a child is eating a slice of pizza,1,1
I02U_Core,a young boy is eating pizza,1,1
I02U_Core,the boy is eating a piece of pizza,1,1
I02U_Core,the boy is excited about the size of the pizza,0,0
I02U_Core,a boy is eating pizza,1,1
I02U_Core,a boy is smiling,0,0
I02U_Core,the boy can not wait to eat pizza,1,1
I02U_Core,timmy is eating pizza,1,1
I02U_Core,the pizza is eaten by timmy,1,1
I02U_Core,a lad is ready to take a bite of a slice of pizza,1,1
I02U_Core,the child is pausing ere he eats the (pizza) pie realizing it needs a condiment to taste even more toothsome,1,1
I02U_Core,the boy eats are large piece of pizza,1,1
I02U_Core,a young boy has a big appetite,0,0
I02U_Core,the child is eating pizza,1,1
I02U_Core,this boy is happily eating,0,0
I02U_Core,the boy is eating a slice of pizza,1,1
I02U_Core,the boy is about to partake of a slice of pizza,1,1
I02U_Core,that boy is about to eat the pizza,1,1
I02U_Core,a boy is eating a slice of pizza,1,1
I02U_Core,a slice of pizza is being eaten by a boy,1,1
I02U_Core,this boy is about to eat a slice of pizza,1,1
I02U_Core,this pizza slice will soon disappear,0,0
I02U_Core,a youngster anticipates the taste of pizza,1,1
I02U_Core,a boy is about to bite a piece of pizza,1,1
I02U_Core,"eager with anticipation born from scheduled pizza on the menu, a boy is salivating to begin eating",1,1
I02U_Core,a boy is enjoying a slice of pizza,1,1
I02U_Core,a piece of pizza is being eaten by a boy,1,1
I02U_Core,the boy is chowing down,0,0
I02U_Core,the boy eats pizza,1,1
I02U_Core,the boy in the picture is enjoying a slice of pizza,1,1
I02U_Core,the little boy is eating a slice of pizza,1,1
I02U_Core,a slice of pizza is being eaten by a little boy,1,1
I02U_Core,a child is about to eat a piece of pizza,1,1
I02U_Core,he loves eating pizza,0,0
I02U_Core,most kids like to eat pizza,0,0
I02U_Core,the boy's eating his favorite food,0,0
I02U_Core,the little boy decided to eat pizza for lunch,1,1
I02U_Core,the boy enjoys pizza,1,1
I02U_Core,eating pizza,0,0
I02U_Core,thoroughly enjoying this,0,0
I02U_Core,a blonde boy with freckles is eating a slice of pizza,1,1
I02U_Core,the freckled boy is excited to taste this slice of pizza,1,1
I02U_Core,boy is eating pizza,1,1
I02U_Core,pizza is being eaten by a young boy,1,1
I02U_Core,the pizza is being eaten by a boy,1,1
I02U_Core,a boy is about to enjoy eating a slice of pizza,1,1
I02U_Core,little boy,0,0
I02U_Core,the boy eats the pizza,1,1
I02U_Core,the pizza is eaten by the boy,1,1
I02U_Core,the child is going to bite the pizza,1,1
I02U_Core,littler. it eating pizza,0,0
I02U_Core,guy eating pizza,1,1
I02U_Core,a little boy is joyously eating a slice of pizza,1,1
I02U_Core,a slice of pizza is about to be eaten by a little boy,1,1
I02U_Core,a boy was given pizza to eat,0,0
I02U_Core,a toddler is enjoying a slice of pizza,1,1
I02U_Core,a boy is starting to eat s slice of pizza,1,1
I02U_Core,a boy is about to bite into a slice of pizza,1,1
I02U_Core,a young boy wearing tennis shoes is eating pizza,1,1
I02U_Core,a child is eating pizza,1,1
I02U_Core,pizza is being eaten by a child,1,1
I02U_Core,pepperoni pizza makes the boy smile,0,0
I02U_Core,child is eating pizza,1,1
I02U_Core,pizza is what the child is eating,1,1
I02U_Core,the kid eats pizza,1,1
I02U_Core,a boy is taking a bite of pizza,1,1
I02U_Core,the happy boy is going to take a bite of pizza,1,1
I02U_Core,a slice of pizza is going to be a meal for a boy,1,1
I02U_Core,he is hungry for pizza,0,0
I02U_Core,at lunch time the boy ate a slice of pizza,1,1
I02U_Core,this eating pizza,0,0
I02U_Core,this guy having a pizza,1,1
I02U_Core,the child is hungry,0,0
I02U_Core,the child is about to eat a piece of pizza,1,1
I02U_Core,pizza is being eaten by a boy,1,1
I02U_Core,a little boy is about to bite a slice of pizza,1,1
I02U_Core,a slice of pizza is about to have a bite taken by a boy,1,1
I02U_Core,the boys take a bite out of the pizza,1,1
I02U_Core,a kid is eating a slice of pizza,1,1
I02U_Core,the boy is about to take a big bite out of the pizza,1,1
I02U_Core,a young boy is about to bite into a pizza,1,1
I02U_Core,a freckled child is eating a pizza,1,1
I02U_Core,a kid is just about to eat some pizza,1,1
I02U_Core,he sure is happy,0,0
I02U_Core,pizza is this boy's favorite food,0,0
I02U_Core,the boy loves pizza,0,0
I02U_Core,this boy is enjoying a slice of pizza,1,1
I02U_Core,a boy eats pizza,1,1
I02U_Core,boy eating pizza,1,1
I02U_Core,pizza eaten by a boy,1,1
I02U_Core,crosby can't wait to take a bite of the pizza,1,1
I02U_Core,timmy loves pizza,0,0
I02U_Core,eating pizza happily,0,0
I02U_Core,a child is eating a slice of pepperoni pizza,1,1
I02U_Core,a small boy is happily munching on a slice of pepperoni pie,1,1
I02U_Core,a slice of pizza is being eaten,0,0
I02U_Core,eating,0,0
I02U_Core,pizza,0,0
I02U_Core,kid is eating pizza,1,1
I02U_Core,he is eating a slice of pizza,1,1
I02U_Core,a little boy is eating a slice of pizza,1,1
I02U_Core,a child is about to enjoy a slice of pizza,1,1
I02U_Core,a child is happy about eating his favorite food,0,0
I02U_Core,this little kid is enjoying a pizza,1,1
I02U_Core,this little boy is about to enjoy a slice of pizza,1,1
I02U_Core,pizza is the boy's favorite food,0,0
I02U_Core,the boy is enjoying a slice of pizza,1,1
I02U_Core,the boy is about to take a bite of pizza,1,1
I02U_Core,the boy is about to eat a piece of pizza,1,1
I02U_Core,the boy loves to eat pizza,0,0
I02U_Core,a little boy eating pizza,1,1
I02U_Core,having pizza,0,0
I02U_Core,a boy is about to eat pizza,1,1
I02U_Core,child is eating lunch,0,0
I02U_Core,the kids show love pizza,0,0
I02U_Core,pizza is making this young man happy,0,0
I02U_Core,a kid is eating pizza,1,1
I02U_Core,tommy is eating pizza,1,1
I02U_Core,eat,0,0
I02U_Core,food,0,0
I02U_Core,the kid''s eating pizza,1,1
I02U_Core,the kid is fixin' to eat a piece of pizza,1,1
I02U_Core,the little boy is eating the pizza,1,1
I02U_Core,the boy is eating his pizza,1,1
I02U_Core,a boy is eating a piece of pizza,1,1
I02U_Core,the boy is having a slide of pizza,1,1
I02U_Core,he is eating pizza,1,1
I02U_Core,the boy is going to eat a delicious pizza,1,1
I02U_Core,a little boy is having a slice of pizza,1,1
I02U_Core,the boy is hungry,0,0
I02U_Core,the boy is eating the pizza,1,1
I02U_Core,the boy is eating a pizza,1,1
I02U_Core,the boy is eating,0,0
I02U_Core,the little boy is eating a whole piece of pizza,1,1
I02U_Core,the boy is preparing to eat a pepperoni pizza,1,1
I02U_Core,the boy is trying to eat a piece of pizza,1,1
I02U_Core,a boy is eating a pizza,1,1
I02U_Core,the little boy is having a piece of pizza,1,1
I02U_Core,a lovely boy eats a pizza,1,1
I02U_Core,a boy is putting a piece of pizza in his mouth,1,1
I02U_Core,the boy is about to eat the pizza,1,1
I02U_Core,he is eating a pizza,1,1
I02U_Core,the little boy is eating a piece of pizza,1,1
I02U_Core,a boy is having pizza,1,1
I02U_Core,a boy who wear a green t-shirt is eating a piece of pizza,1,1
I02U_Core,a body eats a slice of pizza,0,0
I02U_Core,he is eating the pizza,1,1
I02U_Core,the boy is eating a delicious-looking pizza,1,1
I02U_Core,the boy is going to eat a piece of pizza,1,1
I02U_Core,a boy is going to eat a big pizza,1,1
I02U_Core,the boy is eating a pizza because he is hungry,1,1
I02U_Core,a little boy is eating a piece of pizza,1,1
I02U_Core,a little boy is eating a pizza,1,1
I02U_Core,he's having a pizza,1,1
I02U_Core,the boy is enjoying his pizza,1,1
I02U_Core,the boy is hungry and eat a piece of pizza,1,1
I02U_Core,the child is eating a piece of pizza,1,1
I02U_Core,the little boy is eating pizza,1,1
I02U_Core,the kid is eating a pizza,1,1
I02U_Core,the boy in green shirts is eating a piece of the delicious pizza,1,1
I02U_Core,a boy is eating a big slice of pizza,1,1
I02U_Core,the boy is excited about the pizza he is about to eat,1,1
I02U_Core,the little boy is going to eat pizza,1,1
I02U_Core,he loves pizza,0,0
I02U_Core,he is eating lunch,0,0
I02U_Core,the boy is about to bite the pizza,1,1
I02U_Core,the boy is eating food,1,1
I02U_Core,this boy is getting ready to eat a slice of pizza,1,1
I02U_Core,the slice of pizza is about to enter the boy's mouth,1,1
I02U_Core,the boy is about to eat a delicious slice of pizza,1,1
I02U_Core,"the boy is about to taste a nice, hot pizza",1,1
I02U_Core,the boy is going to eat some pizza,1,1
I02U_Gramm,the boy is eating pizza,1,1
I02U_Gramm,a child is eating a slice of pizza,1,1
I02U_Gramm,a young boy is eating pizza,1,1
I02U_Gramm,the boy likes pizza,1,1
I02U_Gramm,the boy is eating a piece of pizza,1,1
I02U_Gramm,the boy is excited about the size of the pizza,1,1
I02U_Gramm,a boy is eating pizza,1,1
I02U_Gramm,a boy is smiling,1,1
I02U_Gramm,the boy can not wait to eat pizza,1,1
I02U_Gramm,pizza makes the boy happy,1,1
I02U_Gramm,timmy is eating pizza,1,1
I02U_Gramm,the pizza is eaten by timmy,1,1
I02U_Gramm,a lad is ready to take a bite of a slice of pizza,1,1
I02U_Gramm,the child is pausing ere he eats the (pizza) pie realizing it needs a condiment to taste even more toothsome,1,1
I02U_Gramm,a young boy has a big appetite,1,1
I02U_Gramm,the child is eating pizza,1,1
I02U_Gramm,this boy is happily eating,1,1
I02U_Gramm,the boy is eating a slice of pizza,1,1
I02U_Gramm,the boy is about to partake of a slice of pizza,1,1
I02U_Gramm,that boy is about to eat the pizza,1,1
I02U_Gramm,a boy is eating a slice of pizza,1,1
I02U_Gramm,a slice of pizza is being eaten by a boy,1,1
I02U_Gramm,this boy is about to eat a slice of pizza,1,1
I02U_Gramm,this pizza slice will soon disappear,1,1
I02U_Gramm,a youngster anticipates the taste of pizza,1,1
I02U_Gramm,a boy is about to bite a piece of pizza,1,1
I02U_Gramm,"eager with anticipation born from scheduled pizza on the menu, a boy is salivating to begin eating",1,1
I02U_Gramm,a boy is enjoying a slice of pizza,1,1
I02U_Gramm,a piece of pizza is being eaten by a boy,1,1
I02U_Gramm,the boy is chowing down,1,1
I02U_Gramm,the boy eats pizza,1,1
I02U_Gramm,the boy in the picture is enjoying a slice of pizza,1,1
I02U_Gramm,the little boy is eating a slice of pizza,1,1
I02U_Gramm,a slice of pizza is being eaten by a little boy,1,1
I02U_Gramm,a child is about to eat a piece of pizza,1,1
I02U_Gramm,he loves eating pizza,1,1
I02U_Gramm,most kids like to eat pizza,1,1
I02U_Gramm,the boy's eating his favorite food,1,1
I02U_Gramm,the little boy decided to eat pizza for lunch,1,1
I02U_Gramm,the boy enjoys pizza,1,1
I02U_Gramm,eating pizza,1,1
I02U_Gramm,thoroughly enjoying this,0,0
I02U_Gramm,a blonde boy with freckles is eating a slice of pizza,1,1
I02U_Gramm,the freckled boy is excited to taste this slice of pizza,1,1
I02U_Gramm,pizza is being eaten by a young boy,1,1
I02U_Gramm,the pizza is being eaten by a boy,1,1
I02U_Gramm,a boy is about to enjoy eating a slice of pizza,1,1
I02U_Gramm,little boy,0,0
I02U_Gramm,the boy eats the pizza,1,1
I02U_Gramm,the pizza is eaten by the boy,1,1
I02U_Gramm,the child is going to bite the pizza,1,1
I02U_Gramm,littler. it eating pizza,0,0
I02U_Gramm,guy eating pizza,0,0
I02U_Gramm,a little boy is joyously eating a slice of pizza,1,1
I02U_Gramm,a slice of pizza is about to be eaten by a little boy,1,1
I02U_Gramm,a boy was given pizza to eat,1,1
I02U_Gramm,a toddler is enjoying a slice of pizza,1,1
I02U_Gramm,a boy is about to bite into a slice of pizza,1,1
I02U_Gramm,a young boy wearing tennis shoes is eating pizza,1,1
I02U_Gramm,a child is eating pizza,1,1
I02U_Gramm,pizza is being eaten by a child,1,1
I02U_Gramm,pepperoni pizza makes the boy smile,1,1
I02U_Gramm,child is eating pizza,0,0
I02U_Gramm,pizza is what the child is eating,1,1
I02U_Gramm,the kid eats pizza,1,1
I02U_Gramm,a boy is taking a bite of pizza,1,1
I02U_Gramm,the happy boy is going to take a bite of pizza,1,1
I02U_Gramm,a slice of pizza is going to be a meal for a boy,1,1
I02U_Gramm,he is hungry for pizza,1,1
I02U_Gramm,at lunch time the boy ate a slice of pizza,1,1
I02U_Gramm,this eating pizza,0,0
I02U_Gramm,this guy having a pizza,0,0
I02U_Gramm,the child is hungry,1,1
I02U_Gramm,the child is about to eat a piece of pizza,1,1
I02U_Gramm,pizza is being eaten by a boy,1,1
I02U_Gramm,a little boy is about to bite a slice of pizza,1,1
I02U_Gramm,a slice of pizza is about to have a bite taken by a boy,1,1
I02U_Gramm,the boys take a bite out of the pizza,1,1
I02U_Gramm,a kid is eating a slice of pizza,1,1
I02U_Gramm,the boy is about to take a big bite out of the pizza,1,1
I02U_Gramm,a young boy is about to bite into a pizza,1,1
I02U_Gramm,a freckled child is eating a pizza,1,1
I02U_Gramm,a kid is just about to eat some pizza,1,1
I02U_Gramm,he sure is happy,1,1
I02U_Gramm,pizza is this boy's favorite food,1,1
I02U_Gramm,the boy loves pizza,1,1
I02U_Gramm,this boy is enjoying a slice of pizza,1,1
I02U_Gramm,a boy eats pizza,1,1
I02U_Gramm,boy eating pizza,0,0
I02U_Gramm,pizza eaten by a boy,0,0
I02U_Gramm,crosby can't wait to take a bite of the pizza,1,1
I02U_Gramm,timmy loves pizza,1,1
I02U_Gramm,eating pizza happily,1,1
I02U_Gramm,a child is eating a slice of pepperoni pizza,1,1
I02U_Gramm,a small boy is happily munching on a slice of pepperoni pie,1,1
I02U_Gramm,a slice of pizza is being eaten,1,1
I02U_Gramm,eating,1,1
I02U_Gramm,pizza,0,0
I02U_Gramm,kid is eating pizza,0,0
I02U_Gramm,he is eating a slice of pizza,1,1
I02U_Gramm,a little boy is eating a slice of pizza,1,1
I02U_Gramm,a child is about to enjoy a slice of pizza,1,1
I02U_Gramm,a child is happy about eating his favorite food,1,1
I02U_Gramm,this little kid is enjoying a pizza,1,1
I02U_Gramm,this little boy is about to enjoy a slice of pizza,1,1
I02U_Gramm,pizza is the boy's favorite food,1,1
I02U_Gramm,the boy is enjoying a slice of pizza,1,1
I02U_Gramm,the boy is about to take a bite of pizza,1,1
I02U_Gramm,the boy is about to eat a piece of pizza,1,1
I02U_Gramm,the boy loves to eat pizza,1,1
I02U_Gramm,a little boy eating pizza,0,0
I02U_Gramm,having pizza,1,1
I02U_Gramm,a boy is about to eat pizza,1,1
I02U_Gramm,child is eating lunch,0,0
I02U_Gramm,the kids show love pizza,0,0
I02U_Gramm,pizza is making this young man happy,1,1
I02U_Gramm,a kid is eating pizza,1,1
I02U_Gramm,tommy is eating pizza,1,1
I02U_Gramm,pizza is tommy's favorite food,1,1
I02U_Gramm,eat,0,0
I02U_Gramm,food,0,0
I02U_Gramm,the kid is fixin' to eat a piece of pizza,1,1
I02U_Gramm,the little boy is eating the pizza,1,1
I02U_Gramm,the boy is eating his pizza,1,1
I02U_Gramm,a boy is eating a piece of pizza,1,1
I02U_Gramm,the boy is having a slide of pizza,0,0
I02U_Gramm,he is eating pizza,1,1
I02U_Gramm,the boy is going to eat a delicious pizza,1,1
I02U_Gramm,a little boy is having a slice of pizza,1,1
I02U_Gramm,the boy is hungry,1,1
I02U_Gramm,the boy is eating the pizza,1,1
I02U_Gramm,the boy is eating a pizza,1,1
I02U_Gramm,the boy is eating,1,1
I02U_Gramm,the little boy is eating a whole piece of pizza,1,1
I02U_Gramm,the boy is preparing to eat a pepperoni pizza,1,1
I02U_Gramm,the boy is trying to eat a piece of pizza,1,1
I02U_Gramm,a boy is eating a pizza,1,1
I02U_Gramm,the little boy is having a piece of pizza,1,1
I02U_Gramm,a lovely boy eats a pizza,1,1
I02U_Gramm,a boy is putting a piece of pizza in his mouth,1,1
I02U_Gramm,the boy is about to eat the pizza,1,1
I02U_Gramm,he is eating a pizza,1,1
I02U_Gramm,the little boy is eating a piece of pizza,1,1
I02U_Gramm,a boy is having pizza,1,1
I02U_Gramm,he is eating the pizza,1,1
I02U_Gramm,the boy is eating a delicious-looking pizza,1,1
I02U_Gramm,the boy is going to eat a piece of pizza,1,1
I02U_Gramm,a boy is going to eat a big pizza,1,1
I02U_Gramm,the boy is eating a pizza because he is hungry,1,1
I02U_Gramm,a little boy is eating a piece of pizza,1,1
I02U_Gramm,a little boy is eating a pizza,1,1
I02U_Gramm,he's having a pizza,1,1
I02U_Gramm,the boy is enjoying his pizza,1,1
I02U_Gramm,the child is eating a piece of pizza,1,1
I02U_Gramm,the boy is eating for pizza,0,0
I02U_Gramm,the little boy is eating pizza,1,1
I02U_Gramm,the kid is eating a pizza,1,1
I02U_Gramm,the boy in green shirts is eating a piece of the delicious pizza,1,1
I02U_Gramm,a boy is eating a big slice of pizza,1,1
I02U_Gramm,the boy is excited about the pizza he is about to eat,1,1
I02U_Gramm,the little boy is going to eat pizza,1,1
I02U_Gramm,he loves pizza,1,1
I02U_Gramm,he is eating lunch,1,1
I02U_Gramm,the boy is about to bite the pizza,1,1
I02U_Gramm,the boy is eating food,1,1
I02U_Gramm,this boy is getting ready to eat a slice of pizza,1,1
I02U_Gramm,the slice of pizza is about to enter the boy's mouth,1,1
I02U_Gramm,the boy is about to eat a delicious slice of pizza,1,1
I02U_Gramm,"the boy is about to taste a nice, hot pizza",1,1
I02U_Gramm,the boy is going to eat some pizza,1,1
I02U_Interp,the boy is eating pizza,1,1
I02U_Interp,pizza is being eating by the boy,1,1
I02U_Interp,a child is eating a slice of pizza,1,1
I02U_Interp,a young boy is eating pizza,1,1
I02U_Interp,the boy likes pizza,1,1
I02U_Interp,the boy is eating a piece of pizza,1,1
I02U_Interp,the boy is excited about the size of the pizza,1,1
I02U_Interp,a boy is eating pizza,1,1
I02U_Interp,a boy is smiling,1,1
I02U_Interp,the boy can not wait to eat pizza,1,1
I02U_Interp,pizza makes the boy happy,1,1
I02U_Interp,timmy is eating pizza,1,1
I02U_Interp,the pizza is eaten by timmy,1,1
I02U_Interp,a lad is ready to take a bite of a slice of pizza,1,1
I02U_Interp,the child is pausing ere he eats the (pizza) pie realizing it needs a condiment to taste even more toothsome,1,1
I02U_Interp,the boy eats are large piece of pizza,1,1
I02U_Interp,the child is eating pizza,1,1
I02U_Interp,this boy is happily eating,1,1
I02U_Interp,the boy is eating a slice of pizza,1,1
I02U_Interp,the boy is about to partake of a slice of pizza,1,1
I02U_Interp,that boy is about to eat the pizza,1,1
I02U_Interp,a boy is eating a slice of pizza,1,1
I02U_Interp,a slice of pizza is being eaten by a boy,1,1
I02U_Interp,this boy is about to eat a slice of pizza,1,1
I02U_Interp,this pizza slice will soon disappear,0,0
I02U_Interp,a youngster anticipates the taste of pizza,1,1
I02U_Interp,a boy is about to bite a piece of pizza,1,1
I02U_Interp,"eager with anticipation born from scheduled pizza on the menu, a boy is salivating to begin eating",1,1
I02U_Interp,a boy is enjoying a slice of pizza,1,1
I02U_Interp,a piece of pizza is being eaten by a boy,1,1
I02U_Interp,the boy is chowing down,1,1
I02U_Interp,the boy eats pizza,1,1
I02U_Interp,the boy in the picture is enjoying a slice of pizza,1,1
I02U_Interp,the little boy is eating a slice of pizza,1,1
I02U_Interp,a slice of pizza is being eaten by a little boy,1,1
I02U_Interp,a child is about to eat a piece of pizza,1,1
I02U_Interp,he loves eating pizza,1,1
I02U_Interp,most kids like to eat pizza,0,0
I02U_Interp,the boy's eating his favorite food,0,0
I02U_Interp,the little boy decided to eat pizza for lunch,1,1
I02U_Interp,the boy enjoys pizza,1,1
I02U_Interp,eating pizza,0,0
I02U_Interp,thoroughly enjoying this,0,0
I02U_Interp,a blonde boy with freckles is eating a slice of pizza,1,1
I02U_Interp,the freckled boy is excited to taste this slice of pizza,1,1
I02U_Interp,boy is eating pizza,1,1
I02U_Interp,pizza is being eaten by a young boy,1,1
I02U_Interp,the pizza is being eaten by a boy,1,1
I02U_Interp,a boy is about to enjoy eating a slice of pizza,1,1
I02U_Interp,little boy,0,0
I02U_Interp,the boy eats the pizza,1,1
I02U_Interp,the pizza is eaten by the boy,1,1
I02U_Interp,the child is going to bite the pizza,1,1
I02U_Interp,littler. it eating pizza,0,0
I02U_Interp,guy eating pizza,1,1
I02U_Interp,a little boy is joyously eating a slice of pizza,1,1
I02U_Interp,a slice of pizza is about to be eaten by a little boy,1,1
I02U_Interp,a toddler is enjoying a slice of pizza,1,1
I02U_Interp,a boy is starting to eat s slice of pizza,1,1
I02U_Interp,a boy is about to bite into a slice of pizza,1,1
I02U_Interp,a young boy wearing tennis shoes is eating pizza,1,1
I02U_Interp,a child is eating pizza,1,1
I02U_Interp,pizza is being eaten by a child,1,1
I02U_Interp,pepperoni pizza makes the boy smile,1,1
I02U_Interp,child is eating pizza,1,1
I02U_Interp,pizza is what the child is eating,1,1
I02U_Interp,the kid eats pizza,1,1
I02U_Interp,a boy is taking a bite of pizza,1,1
I02U_Interp,the happy boy is going to take a bite of pizza,1,1
I02U_Interp,a slice of pizza is going to be a meal for a boy,1,1
I02U_Interp,at lunch time the boy ate a slice of pizza,1,1
I02U_Interp,this eating pizza,0,0
I02U_Interp,this guy having a pizza,1,1
I02U_Interp,the child is about to eat a piece of pizza,1,1
I02U_Interp,pizza is being eaten by a boy,1,1
I02U_Interp,a little boy is about to bite a slice of pizza,1,1
I02U_Interp,a slice of pizza is about to have a bite taken by a boy,1,1
I02U_Interp,the boys take a bite out of the pizza,1,1
I02U_Interp,a kid is eating a slice of pizza,1,1
I02U_Interp,the boy is about to take a big bite out of the pizza,1,1
I02U_Interp,a young boy is about to bite into a pizza,1,1
I02U_Interp,a freckled child is eating a pizza,1,1
I02U_Interp,a kid is just about to eat some pizza,1,1
I02U_Interp,pizza is this boy's favorite food,0,0
I02U_Interp,the boy loves pizza,1,1
I02U_Interp,this boy is enjoying a slice of pizza,1,1
I02U_Interp,a boy eats pizza,1,1
I02U_Interp,boy eating pizza,1,1
I02U_Interp,pizza eaten by a boy,1,1
I02U_Interp,crosby can't wait to take a bite of the pizza,1,1
I02U_Interp,eating pizza happily,0,0
I02U_Interp,a child is eating a slice of pepperoni pizza,1,1
I02U_Interp,a small boy is happily munching on a slice of pepperoni pie,1,1
I02U_Interp,eating,0,0
I02U_Interp,pizza,0,0
I02U_Interp,kid is eating pizza,1,1
I02U_Interp,he is eating a slice of pizza,1,1
I02U_Interp,a little boy is eating a slice of pizza,1,1
I02U_Interp,a child is about to enjoy a slice of pizza,1,1
I02U_Interp,this little kid is enjoying a pizza,1,1
I02U_Interp,this little boy is about to enjoy a slice of pizza,1,1
I02U_Interp,pizza is the boy's favorite food,0,0
I02U_Interp,the boy is enjoying a slice of pizza,1,1
I02U_Interp,the boy is about to take a bite of pizza,1,1
I02U_Interp,the boy is about to eat a piece of pizza,1,1
I02U_Interp,the boy loves to eat pizza,1,1
I02U_Interp,a little boy eating pizza,1,1
I02U_Interp,having pizza,0,0
I02U_Interp,a boy is about to eat pizza,1,1
I02U_Interp,child is eating lunch,1,1
I02U_Interp,the kids show love pizza,0,0
I02U_Interp,pizza is making this young man happy,1,1
I02U_Interp,a kid is eating pizza,1,1
I02U_Interp,tommy is eating pizza,1,1
I02U_Interp,pizza is tommy's favorite food,0,0
I02U_Interp,eat,0,0
I02U_Interp,food,0,0
I02U_Interp,the kid''s eating pizza,1,1
I02U_Interp,the kid is fixin' to eat a piece of pizza,1,1
I02U_Interp,the little boy is eating the pizza,1,1
I02U_Interp,the boy is eating his pizza,1,1
I02U_Interp,a boy is eating a piece of pizza,1,1
I02U_Interp,he is eating pizza,1,1
I02U_Interp,the boy is going to eat a delicious pizza,1,1
I02U_Interp,a little boy is having a slice of pizza,1,1
I02U_Interp,the boy is eating the pizza,1,1
I02U_Interp,the boy is eating a pizza,1,1
I02U_Interp,the boy is eating,1,1
I02U_Interp,the little boy is eating a whole piece of pizza,1,1
I02U_Interp,the boy is preparing to eat a pepperoni pizza,1,1
I02U_Interp,the boy is trying to eat a piece of pizza,1,1
I02U_Interp,a boy is eating a pizza,1,1
I02U_Interp,the little boy is having a piece of pizza,1,1
I02U_Interp,a lovely boy eats a pizza,1,1
I02U_Interp,a boy is putting a piece of pizza in his mouth,1,1
I02U_Interp,the boy is about to eat the pizza,1,1
I02U_Interp,he is eating a pizza,1,1
I02U_Interp,the little boy is eating a piece of pizza,1,1
I02U_Interp,a boy is having pizza,1,1
I02U_Interp,a boy who wear a green t-shirt is eating a piece of pizza,1,1
I02U_Interp,a body eats a slice of pizza,0,0
I02U_Interp,he is eating the pizza,1,1
I02U_Interp,the boy is eating a delicious-looking pizza,1,1
I02U_Interp,the boy is going to eat a piece of pizza,1,1
I02U_Interp,a boy is going to eat a big pizza,1,1
I02U_Interp,the boy is eating a pizza because he is hungry,1,1
I02U_Interp,a little boy is eating a piece of pizza,1,1
I02U_Interp,a little boy is eating a pizza,1,1
I02U_Interp,he's having a pizza,1,1
I02U_Interp,the boy is enjoying his pizza,1,1
I02U_Interp,the boy is hungry and eat a piece of pizza,1,1
I02U_Interp,the child is eating a piece of pizza,1,1
I02U_Interp,the little boy is eating pizza,1,1
I02U_Interp,the kid is eating a pizza,1,1
I02U_Interp,the boy in green shirts is eating a piece of the delicious pizza,1,1
I02U_Interp,a boy is eating a big slice of pizza,1,1
I02U_Interp,the boy is excited about the pizza he is about to eat,1,1
I02U_Interp,the little boy is going to eat pizza,1,1
I02U_Interp,he loves pizza,1,1
I02U_Interp,he is eating lunch,1,1
I02U_Interp,the boy is about to bite the pizza,1,1
I02U_Interp,the boy is eating food,1,1
I02U_Interp,this boy is getting ready to eat a slice of pizza,1,1
I02U_Interp,the slice of pizza is about to enter the boy's mouth,1,1
I02U_Interp,the boy is about to eat a delicious slice of pizza,1,1
I02U_Interp,"the boy is about to taste a nice, hot pizza",1,1
I02U_Interp,the boy is going to eat some pizza,1,1
I02U_Verif,the boy is eating pizza,1,1
I02U_Verif,pizza is being eating by the boy,1,1
I02U_Verif,a child is eating a slice of pizza,1,1
I02U_Verif,a young boy is eating pizza,1,1
I02U_Verif,the boy likes pizza,1,1
I02U_Verif,the boy is eating a piece of pizza,1,1
I02U_Verif,the boy is excited about the size of the pizza,0,0
I02U_Verif,a boy is eating pizza,1,1
I02U_Verif,a boy is smiling,1,1
I02U_Verif,the boy can not wait to eat pizza,1,1
I02U_Verif,pizza makes the boy happy,1,1
I02U_Verif,timmy is eating pizza,0,0
I02U_Verif,the pizza is eaten by timmy,0,0
I02U_Verif,a lad is ready to take a bite of a slice of pizza,1,1
I02U_Verif,the child is pausing ere he eats the (pizza) pie realizing it needs a condiment to taste even more toothsome,0,0
I02U_Verif,the boy eats are large piece of pizza,1,1
I02U_Verif,a young boy has a big appetite,0,0
I02U_Verif,the child is eating pizza,1,1
I02U_Verif,this boy is happily eating,1,1
I02U_Verif,the boy is eating a slice of pizza,1,1
I02U_Verif,the boy is about to partake of a slice of pizza,1,1
I02U_Verif,that boy is about to eat the pizza,1,1
I02U_Verif,a boy is eating a slice of pizza,1,1
I02U_Verif,a slice of pizza is being eaten by a boy,1,1
I02U_Verif,this boy is about to eat a slice of pizza,1,1
I02U_Verif,this pizza slice will soon disappear,0,0
I02U_Verif,a youngster anticipates the taste of pizza,1,1
I02U_Verif,a boy is about to bite a piece of pizza,1,1
I02U_Verif,"eager with anticipation born from scheduled pizza on the menu, a boy is salivating to begin eating",0,0
I02U_Verif,a boy is enjoying a slice of pizza,1,1
I02U_Verif,a piece of pizza is being eaten by a boy,1,1
I02U_Verif,the boy is chowing down,1,1
I02U_Verif,the boy eats pizza,1,1
I02U_Verif,the boy in the picture is enjoying a slice of pizza,1,1
I02U_Verif,the little boy is eating a slice of pizza,1,1
I02U_Verif,a slice of pizza is being eaten by a little boy,1,1
I02U_Verif,a child is about to eat a piece of pizza,1,1
I02U_Verif,he loves eating pizza,1,1
I02U_Verif,most kids like to eat pizza,0,0
I02U_Verif,the boy's eating his favorite food,0,0
I02U_Verif,the little boy decided to eat pizza for lunch,0,0
I02U_Verif,the boy enjoys pizza,1,1
I02U_Verif,eating pizza,0,0
I02U_Verif,thoroughly enjoying this,0,0
I02U_Verif,a blonde boy with freckles is eating a slice of pizza,1,1
I02U_Verif,the freckled boy is excited to taste this slice of pizza,1,1
I02U_Verif,boy is eating pizza,1,1
I02U_Verif,pizza is being eaten by a young boy,1,1
I02U_Verif,the pizza is being eaten by a boy,1,1
I02U_Verif,a boy is about to enjoy eating a slice of pizza,1,1
I02U_Verif,little boy,0,0
I02U_Verif,the boy eats the pizza,1,1
I02U_Verif,the pizza is eaten by the boy,1,1
I02U_Verif,the child is going to bite the pizza,1,1
I02U_Verif,littler. it eating pizza,0,0
I02U_Verif,guy eating pizza,1,1
I02U_Verif,a little boy is joyously eating a slice of pizza,1,1
I02U_Verif,a slice of pizza is about to be eaten by a little boy,1,1
I02U_Verif,a boy was given pizza to eat,0,0
I02U_Verif,a boy is starting to eat s slice of pizza,1,1
I02U_Verif,a boy is about to bite into a slice of pizza,1,1
I02U_Verif,a young boy wearing tennis shoes is eating pizza,1,1
I02U_Verif,a child is eating pizza,1,1
I02U_Verif,pizza is being eaten by a child,1,1
I02U_Verif,pepperoni pizza makes the boy smile,0,0
I02U_Verif,child is eating pizza,1,1
I02U_Verif,pizza is what the child is eating,1,1
I02U_Verif,the kid eats pizza,1,1
I02U_Verif,a boy is taking a bite of pizza,1,1
I02U_Verif,the happy boy is going to take a bite of pizza,1,1
I02U_Verif,a slice of pizza is going to be a meal for a boy,1,1
I02U_Verif,this eating pizza,0,0
I02U_Verif,this guy having a pizza,1,1
I02U_Verif,the child is about to eat a piece of pizza,1,1
I02U_Verif,pizza is being eaten by a boy,1,1
I02U_Verif,a little boy is about to bite a slice of pizza,1,1
I02U_Verif,a slice of pizza is about to have a bite taken by a boy,1,1
I02U_Verif,the boys take a bite out of the pizza,0,0
I02U_Verif,a kid is eating a slice of pizza,1,1
I02U_Verif,the boy is about to take a big bite out of the pizza,1,1
I02U_Verif,a young boy is about to bite into a pizza,1,1
I02U_Verif,a freckled child is eating a pizza,1,1
I02U_Verif,a kid is just about to eat some pizza,1,1
I02U_Verif,pizza is this boy's favorite food,0,0
I02U_Verif,the boy loves pizza,1,1
I02U_Verif,this boy is enjoying a slice of pizza,1,1
I02U_Verif,a boy eats pizza,1,1
I02U_Verif,boy eating pizza,1,1
I02U_Verif,pizza eaten by a boy,1,1
I02U_Verif,crosby can't wait to take a bite of the pizza,0,0
I02U_Verif,timmy loves pizza,0,0
I02U_Verif,eating pizza happily,0,0
I02U_Verif,a child is eating a slice of pepperoni pizza,0,0
I02U_Verif,a small boy is happily munching on a slice of pepperoni pie,0,0
I02U_Verif,a slice of pizza is being eaten,1,1
I02U_Verif,pizza,0,0
I02U_Verif,kid is eating pizza,1,1
I02U_Verif,he is eating a slice of pizza,1,1
I02U_Verif,a little boy is eating a slice of pizza,1,1
I02U_Verif,a child is about to enjoy a slice of pizza,1,1
I02U_Verif,a child is happy about eating his favorite food,0,0
I02U_Verif,this little kid is enjoying a pizza,1,1
I02U_Verif,this little boy is about to enjoy a slice of pizza,1,1
I02U_Verif,pizza is the boy's favorite food,0,0
I02U_Verif,the boy is enjoying a slice of pizza,1,1
I02U_Verif,the boy is about to take a bite of pizza,1,1
I02U_Verif,the boy is about to eat a piece of pizza,1,1
I02U_Verif,the boy loves to eat pizza,1,1
I02U_Verif,a little boy eating pizza,1,1
I02U_Verif,a boy is about to eat pizza,1,1
I02U_Verif,the kids show love pizza,0,0
I02U_Verif,pizza is making this young man happy,1,1
I02U_Verif,a kid is eating pizza,1,1
I02U_Verif,tommy is eating pizza,0,0
I02U_Verif,pizza is tommy's favorite food,0,0
I02U_Verif,eat,0,0
I02U_Verif,food,0,0
I02U_Verif,the kid''s eating pizza,1,1
I02U_Verif,the kid is fixin' to eat a piece of pizza,1,1
I02U_Verif,the little boy is eating the pizza,1,1
I02U_Verif,the boy is eating his pizza,1,1
I02U_Verif,a boy is eating a piece of pizza,1,1
I02U_Verif,the boy is having a slide of pizza,1,1
I02U_Verif,he is eating pizza,1,1
I02U_Verif,the boy is going to eat a delicious pizza,1,1
I02U_Verif,a little boy is having a slice of pizza,1,1
I02U_Verif,the boy is eating the pizza,1,1
I02U_Verif,the boy is eating a pizza,1,1
I02U_Verif,the boy is eating,1,1
I02U_Verif,the little boy is eating a whole piece of pizza,1,1
I02U_Verif,the boy is preparing to eat a pepperoni pizza,0,0
I02U_Verif,the boy is trying to eat a piece of pizza,1,1
I02U_Verif,a boy is eating a pizza,1,1
I02U_Verif,the little boy is having a piece of pizza,1,1
I02U_Verif,a boy is putting a piece of pizza in his mouth,1,1
I02U_Verif,the boy is about to eat the pizza,1,1
I02U_Verif,he is eating a pizza,1,1
I02U_Verif,the little boy is eating a piece of pizza,1,1
I02U_Verif,a boy is having pizza,1,1
I02U_Verif,a boy who wear a green t-shirt is eating a piece of pizza,1,1
I02U_Verif,a body eats a slice of pizza,0,0
I02U_Verif,he is eating the pizza,1,1
I02U_Verif,the boy is eating a delicious-looking pizza,1,1
I02U_Verif,the boy is going to eat a piece of pizza,1,1
I02U_Verif,a little boy is eating a piece of pizza,1,1
I02U_Verif,a little boy is eating a pizza,1,1
I02U_Verif,he's having a pizza,1,1
I02U_Verif,the boy is enjoying his pizza,1,1
I02U_Verif,the child is eating a piece of pizza,1,1
I02U_Verif,the boy is eating for pizza,1,1
I02U_Verif,the little boy is eating pizza,1,1
I02U_Verif,the kid is eating a pizza,1,1
I02U_Verif,the boy in green shirts is eating a piece of the delicious pizza,1,1
I02U_Verif,a boy is eating a big slice of pizza,1,1
I02U_Verif,the boy is excited about the pizza he is about to eat,1,1
I02U_Verif,the little boy is going to eat pizza,1,1
I02U_Verif,he loves pizza,1,1
I02U_Verif,the boy is about to bite the pizza,1,1
I02U_Verif,the boy is eating food,1,1
I02U_Verif,this boy is getting ready to eat a slice of pizza,1,1
I02U_Verif,the slice of pizza is about to enter the boy's mouth,1,1
I02U_Verif,the boy is about to eat a delicious slice of pizza,1,1
I02U_Verif,the boy is going to eat some pizza,1,1
I03U_Answer,the lady is receiving a package,1,1
I03U_Answer,the man is handing the lady a package,1,1
I03U_Answer,a delivery person is accepting a package,1,1
I03U_Answer,a woman is accepting a package from a delivery man,1,1
I03U_Answer,the man is delivering a package,1,1
I03U_Answer,the woman is receiving a package,1,1
I03U_Answer,a guy is handing a box to a girl,1,1
I03U_Answer,a girl is holding a box,1,1
I03U_Answer,the receptionist is receiving a package,1,1
I03U_Answer,the delivery man is handing package to the receptionist,1,1
I03U_Answer,"the finance is gifting a box to his wife-to-be on their anniversary, for it is a token of his passion",1,1
I03U_Answer,the woman is the recipient of ta parcel conveyed by the mailman,0,0
I03U_Answer,the woman is sending a package with delivery pickup services,1,1
I03U_Answer,a man is delivering a package,1,1
I03U_Answer,a woman is receiving a delivery,1,1
I03U_Answer,the man is delivering a parcel to the woman,1,1
I03U_Answer,the man is looking over the head of the woman while delivering the package,1,1
I03U_Answer,a delivery man is handing a package to a lady,1,1
I03U_Answer,a seated lady is handing a package to a delivery man who just arrived,1,1
I03U_Answer,a package is being exchanged between two people,1,1
I03U_Answer,two people are exchanging a package,1,1
I03U_Answer,the delivery man is delivering a package,1,1
I03U_Answer,the secretary is accepting a package,1,1
I03U_Answer,the woman at the desk is receiving a package,1,1
I03U_Answer,the delivery man is giving the woman a package,1,1
I03U_Answer,the man is delivering the package to the woman,1,1
I03U_Answer,the woman is receiving a package from the delivery man,1,1
I03U_Answer,the delivery man is giving the lady a package,1,1
I03U_Answer,the lady is accepting a package from the delivery man,1,1
I03U_Answer,the secretary is receiving a package from the delivery man,1,1
I03U_Answer,the delivery man is delivering a package to the secretary,1,1
I03U_Answer,the girl is receiving a package,1,1
I03U_Answer,receiving a gift,0,0
I03U_Answer,happy about this,0,0
I03U_Answer,a delivery man is handing a receptionist a package,1,1
I03U_Answer,the woman is accepting a package from a delivery man,1,1
I03U_Answer,a courier is making a delivery,1,1
I03U_Answer,a woman is accepting a delivery,1,1
I03U_Answer,the receptionist is accepting a package from the delivery man,1,1
I03U_Answer,the delivery man is giving the receptionist a package,1,1
I03U_Answer,a delivery man is giving an office worker a package,1,1
I03U_Answer,delivering mail package,0,0
I03U_Answer,to a woman,0,0
I03U_Answer,a woman is receiving a package from a delivery man,1,1
I03U_Answer,a man is delivering a package to a woman,1,1
I03U_Answer,man giving a woman a package,1,1
I03U_Answer,a man is delivering a package to a woman at her desk,1,1
I03U_Answer,a woman is flirtatiously receiving a package at her job,1,1
I03U_Answer,there is a delivery being made at an office,1,1
I03U_Answer,a man is handing a package to the secretary,1,1
I03U_Answer,a delivery is being made,1,1
I03U_Answer,a man is handing a woman a box,1,1
I03U_Answer,a delivery man is handing a package to an office worker,1,1
I03U_Answer,a woman with an abnormally small waist is receiving a package from a delivery man,1,1
I03U_Answer,a package is being delivered to a receptionist,1,1
I03U_Answer,a receptionist is receiving a delivery package,1,1
I03U_Answer,man is delivering package,1,1
I03U_Answer,lady is accepting package delivery,1,1
I03U_Answer,a delivery man is giving a woman a box,1,1
I03U_Answer,a woman is receiving a box from a delivery man,1,1
I03U_Answer,a messenger is delivering a package to a receptionist at an office,1,1
I03U_Answer,"a receptionist, behind a desk in an office, is receiving a package delivered by a messenger",1,1
I03U_Answer,the delivery guy is giving the lady a package,1,1
I03U_Answer,a girl is receiving a package,1,1
I03U_Answer,a boy is delivering a package,1,1
I03U_Answer,the secretary is receiving a package while seated at a desk from a delivery man,1,1
I03U_Answer,the deliveryman is handing a package to a woman behind a desk,1,1
I03U_Answer,the postman is giving the mail to an employee,1,1
I03U_Answer,an employee is getting the mail from the postman,1,1
I03U_Answer,the man is handing the woman a package,1,1
I03U_Answer,the woman is receiving a gift from the man,1,1
I03U_Answer,a parcel is being delivered to a receptionist,1,1
I03U_Answer,a delivery person is delivering a parcel,1,1
I03U_Answer,a delivery guy is dropping off a package,1,1
I03U_Answer,the girl is accepting a delivery,1,1
I03U_Answer,she is taking the package,1,1
I03U_Answer,the secretary received a package,1,1
I03U_Answer,a package was delivered to the office,1,1
I03U_Answer,the secretary is receiving a package delivery,1,1
I03U_Answer,courier man handing over the package to a woman,1,1
I03U_Answer,woman receiving the package from a delivery guy,1,1
I03U_Answer,giving present,0,0
I03U_Answer,giving nice present,0,0
I03U_Answer,a receptionist is accepting a package from a delivery man,1,1
I03U_Answer,a delivery man is picking up a package to be mailed,1,1
I03U_Answer,delivery,0,0
I03U_Answer,package,0,0
I03U_Answer,woman is reciving a package,1,1
I03U_Answer,man is handing over a package to the woman,1,1
I03U_Answer,a delivery man is handing a package to a receptionist,1,1
I03U_Answer,a delivery man is giving a package to a woman at a desk,1,1
I03U_Answer,a man is giving a package,1,1
I03U_Answer,a women is receiving a package,1,1
I03U_Answer,a small package delivery associate is delivering a package,1,1
I03U_Answer,this lady is recieving a package,1,1
I03U_Answer,the receptionist is receiving a package from the delivery man,1,1
I03U_Answer,the courier is delivering a package to the office worker,1,1
I03U_Answer,a woman is receiving a box from a man,1,1
I03U_Answer,the delivering man is handing a box to a lady,1,1
I03U_Answer,a man is handing a package to a woman,1,1
I03U_Answer,a woman is getting a package from a man,1,1
I03U_Answer,a delivery man is delivering a package to a receptionist,1,1
I03U_Answer,a woman is getting a package,1,1
I03U_Answer,a courier service is delivering a package to an office employee,1,1
I03U_Answer,a woman is receiving a package,1,1
I03U_Answer,delivery man is picking up a delivery from woman,1,1
I03U_Answer,woman is receiving a package from delivery man,1,1
I03U_Answer,the secretary receiving a package from the mailman,1,1
I03U_Answer,the mailroom man is bringing a package to the secretary,1,1
I03U_Answer,a man is giving a package to a secretary,1,1
I03U_Answer,the secretary is receiving a package from a man,1,1
I03U_Answer,the man is delivering a package to the woman behind the desk,1,1
I03U_Answer,the man standing is giving the woman at the desk a gift,1,1
I03U_Answer,talk front table,0,0
I03U_Answer,talk nurse,0,0
I03U_Answer,a delivery from a man from a delivery service,0,0
I03U_Answer,a package is being delivered from 'fedex' to the secretary,1,1
I03U_Answer,the woman is getting package,1,1
I03U_Answer,the postman is giving the packet to the girl,1,1
I03U_Answer,the man is passing a package to a woman,1,1
I03U_Answer,woman is collecting a mail from the delivery boy,1,1
I03U_Answer,the postal man is giving the woman a package,1,1
I03U_Answer,the mailman is giving a mailbox,1,1
I03U_Answer,the deliver man is handing a package to the woman,1,1
I03U_Answer,the delivery man is falling love with the girl while delivering,1,1
I03U_Answer,he is delivering a package for the woman,1,1
I03U_Answer,the man is passing the package to the woman,1,1
I03U_Answer,a mail carrier is delivering a box to a woman,1,1
I03U_Answer,the delivery man is sending the woman her belonging,1,1
I03U_Answer,the man is sending a gift to a girl,1,1
I03U_Answer,the man is giving the woman the package,1,1
I03U_Answer,a postman is handing the post box to a woman,1,1
I03U_Answer,the man is giving a package to the lady,1,1
I03U_Answer,the female clerk is getting a box from a express worker,1,1
I03U_Answer,the postman is handing a package to the young woman who sits behind the reception desk,1,1
I03U_Answer,the woman is receiving the package from the boy,1,1
I03U_Answer,the post man is giving a package to a woman,1,1
I03U_Answer,a man is giving a package to a woman,1,1
I03U_Answer,the man is giving present to the woman,1,1
I03U_Answer,a woman is accepting a gift from a man,1,1
I03U_Answer,a woman is claiming her package,1,1
I03U_Answer,the poster is giving a box to the woman,1,1
I03U_Answer,the boy is returning a book to the center desk,1,1
I03U_Answer,the man is giving a package to the woman,1,1
I03U_Answer,the post man is delivering the box to the woman,1,1
I03U_Answer,the postman is delivering the delivery to the woman,1,1
I03U_Answer,the man is delivering a package to a woman,1,1
I03U_Answer,the mailman is giving the mail to the woman,1,1
I03U_Answer,the girl is receiving a thing from that man,1,1
I03U_Answer,a man with a cap is giving a box to a lady,1,1
I03U_Answer,the mailman is handing a package to a woman,1,1
I03U_Answer,the man is giving a package to a woman,1,1
I03U_Answer,a currier is delivering a package to a office girl,1,1
I03U_Answer,the man is delivering package,1,1
I03U_Answer,the mail carrier is handing a package to the lady,1,1
I03U_Answer,a man is handing a mail box to a woman,1,1
I03U_Answer,a boy is delivering a box to the woman,1,1
I03U_Answer,the man is sending the package to the woman,1,1
I03U_Answer,the post-man is delivering a package to the woman in the front office,1,1
I03U_Answer,a postman is giving a package to a woman,1,1
I03U_Answer,the courier is giving the package to the woman,1,1
I03U_Answer,a lady receiving a package from a staff,1,1
I03U_Answer,the man is delivering a package to the woman,1,1
I03U_Answer,a man is passing a package to a woman,1,1
I03U_Answer,a postman is sending a package to a woman,1,1
I03U_Answer,the man is handing a box to the woman,1,1
I03U_Answer,the receptionist is receiving a mail box from the delivering man,1,1
I03U_Answer,the man is giving a box to the woman,1,1
I03U_Answer,a man is delivering,1,1
I03U_Answer,a mailman is giving a woman package,1,1
I03U_Answer,the poster is handing a package to a women who siting behind the desk,1,1
I03U_Answer,the clerk is receiving a package,1,1
I03U_Answer,a boy is giving his teacher a gift,1,1
I03U_Answer,the transporter is pass the package to the woman,1,1
I03U_Answer,the postman is delivering a package to a young office lady,1,1
I03U_Answer,the woman is receiving a package from staff,1,1
I03U_Answer,the package is being delivered to the receptionist,1,1
I03U_Answer,the receptionist is receiving the package,1,1
I03U_Answer,he is delivering a package to the office,1,1
I03U_Answer,he is giving the box to the office worker,1,1
I03U_Answer,she is getting a package,1,1
I03U_Answer,he is giving her a package,1,1
I03U_Answer,the woman is getting a package,1,1
I03U_Answer,the man in the hat is giving the lady a package,1,1
I03U_Answer,the lady sitting at the desk is accepting the package from the man,1,1
I03U_Answer,the woman is getting a delivery from the post office,1,1
I03U_Answer,the man is delivering a package to the woman at her office,1,1
I03U_Answer,the man could be picking up a package from the woman at her office,1,1
I03U_Answer,the man is giving the woman a package,1,1
I03U_Core,the lady is receiving a package,1,1
I03U_Core,the man is handing the lady a package,1,1
I03U_Core,a delivery person is accepting a package,1,1
I03U_Core,a woman is accepting a package from a delivery man,1,1
I03U_Core,the man is delivering a package,1,1
I03U_Core,the woman is receiving a package,1,1
I03U_Core,a guy is handing a box to a girl,1,1
I03U_Core,the receptionist is receiving a package,1,1
I03U_Core,the delivery man is handing package to the receptionist,1,1
I03U_Core,the boy gives the package to the girl,1,1
I03U_Core,the girl receives the package from the guy,1,1
I03U_Core,"the finance is gifting a box to his wife-to-be on their anniversary, for it is a token of his passion",0,0
I03U_Core,the woman is the recipient of ta parcel conveyed by the mailman,1,1
I03U_Core,the woman receives a package,1,1
I03U_Core,the delivery man has arrived,0,0
I03U_Core,a woman received a package from the delivery boy,1,1
I03U_Core,the woman is sending a package with delivery pickup services,1,1
I03U_Core,a man is delivering a package,1,1
I03U_Core,a woman is receiving a delivery,1,1
I03U_Core,the delivery man gives a package to the receptionist,1,1
I03U_Core,the man is delivering a parcel to the woman,1,1
I03U_Core,the man is looking over the head of the woman while delivering the package,1,1
I03U_Core,a woman receives a package,1,1
I03U_Core,a man delivers a package,1,1
I03U_Core,a delivery man is handing a package to a lady,1,1
I03U_Core,a seated lady is handing a package to a delivery man who just arrived,1,1
I03U_Core,a package is being exchanged between two people,1,1
I03U_Core,two people are exchanging a package,1,1
I03U_Core,the delivery man is delivering a package,1,1
I03U_Core,the secretary is accepting a package,1,1
I03U_Core,the man gives the woman a box,1,1
I03U_Core,the woman receives a box from the man,1,1
I03U_Core,the woman at the desk is receiving a package,1,1
I03U_Core,the delivery man is giving the woman a package,1,1
I03U_Core,the man is delivering the package to the woman,1,1
I03U_Core,the woman is receiving a package from the delivery man,1,1
I03U_Core,a woman accepts a delivery,1,1
I03U_Core,the delievery man hands the receptionist a package,1,1
I03U_Core,the delivery man is giving the lady a package,1,1
I03U_Core,the lady is accepting a package from the delivery man,1,1
I03U_Core,the secretary is receiving a package from the delivery man,1,1
I03U_Core,the delivery man is delivering a package to the secretary,1,1
I03U_Core,the girl is receiving a package,1,1
I03U_Core,receiving a gift,0,0
I03U_Core,happy about this,0,0
I03U_Core,a delivery man is handing a receptionist a package,1,1
I03U_Core,the woman is accepting a package from a delivery man,1,1
I03U_Core,a courier is making a delivery,1,1
I03U_Core,a woman is accepting a delivery,1,1
I03U_Core,the receptionist is accepting a package from the delivery man,1,1
I03U_Core,the delivery man is giving the receptionist a package,1,1
I03U_Core,a delivery man is giving an office worker a package,1,1
I03U_Core,delivering mail package,0,0
I03U_Core,to a woman,0,0
I03U_Core,the woman gets the package from the deliveryman,1,1
I03U_Core,the delivery man gives the package to the woman,1,1
I03U_Core,a woman is receiving a package from a delivery man,1,1
I03U_Core,a man is delivering a package to a woman,1,1
I03U_Core,man giving a woman a package,1,1
I03U_Core,a man is delivering a package to a woman at her desk,1,1
I03U_Core,a woman is flirtatiously receiving a package at her job,1,1
I03U_Core,there is a delivery being made at an office,1,1
I03U_Core,a man is handing a package to the secretary,1,1
I03U_Core,a man is handing a woman a box,1,1
I03U_Core,a delivery man is handing a package to an office worker,1,1
I03U_Core,a woman with an abnormally small waist is receiving a package from a delivery man,1,1
I03U_Core,a package is being delivered to a receptionist,1,1
I03U_Core,a receptionist is receiving a delivery package,1,1
I03U_Core,the man gives a package to the woman,1,1
I03U_Core,man is delivering package,1,1
I03U_Core,lady is accepting package delivery,1,1
I03U_Core,a delivery man is giving a woman a box,1,1
I03U_Core,a woman is receiving a box from a delivery man,1,1
I03U_Core,someone sent a box to the office,0,0
I03U_Core,a messenger is delivering a package to a receptionist at an office,1,1
I03U_Core,"a receptionist, behind a desk in an office, is receiving a package delivered by a messenger",1,1
I03U_Core,this guy gaveling a gifted to a woman,0,0
I03U_Core,this guy given to a woman,0,0
I03U_Core,the delivery guy is giving the lady a package,1,1
I03U_Core,a girl is receiving a package,1,1
I03U_Core,a boy is delivering a package,1,1
I03U_Core,the secretary is receiving a package while seated at a desk from a delivery man,1,1
I03U_Core,the deliveryman is handing a package to a woman behind a desk,1,1
I03U_Core,the delivery guy drops off a package,1,1
I03U_Core,the lady receives a package,1,1
I03U_Core,the postman is giving the mail to an employee,1,1
I03U_Core,an employee is getting the mail from the postman,1,1
I03U_Core,the man is handing the woman a package,1,1
I03U_Core,the woman is receiving a gift from the man,0,0
I03U_Core,a parcel is being delivered to a receptionist,1,1
I03U_Core,a delivery person is delivering a parcel,1,1
I03U_Core,a delivery guy is dropping off a package,1,1
I03U_Core,the girl is accepting a delivery,1,1
I03U_Core,she is taking the package,1,1
I03U_Core,the delivery man hands her the package,1,1
I03U_Core,the secretary received a package,1,1
I03U_Core,a package was delivered to the office,1,1
I03U_Core,the secretary is receiving a package delivery,1,1
I03U_Core,the delivery service drops off a package to its destination,1,1
I03U_Core,courier man handing over the package to a woman,1,1
I03U_Core,woman receiving the package from a delivery guy,1,1
I03U_Core,the receptionist accepts the delivery,1,1
I03U_Core,the delivery person hands the box to the woman,1,1
I03U_Core,giving present,0,0
I03U_Core,giving nice present,0,0
I03U_Core,a receptionist is accepting a package from a delivery man,1,1
I03U_Core,a delivery man is picking up a package to be mailed,1,1
I03U_Core,delivery,0,0
I03U_Core,package,0,0
I03U_Core,woman is reciving a package,1,1
I03U_Core,man is handing over a package to the woman,1,1
I03U_Core,a delivery man is handing a package to a receptionist,1,1
I03U_Core,a delivery man is giving a package to a woman at a desk,1,1
I03U_Core,a man is giving a package,1,1
I03U_Core,a women is receiving a package,1,1
I03U_Core,a small package delivery associate is delivering a package,1,1
I03U_Core,this lady is recieving a package,1,1
I03U_Core,the receptionist is receiving a package from the delivery man,1,1
I03U_Core,the office worker gave the courier a package to deliver,1,1
I03U_Core,the courier is delivering a package to the office worker,1,1
I03U_Core,a woman is receiving a box from a man,1,1
I03U_Core,the delivering man is handing a box to a lady,1,1
I03U_Core,receptionist receiving a package,1,1
I03U_Core,a woman receiving a package,1,1
I03U_Core,a man is handing a package to a woman,1,1
I03U_Core,a woman is getting a package from a man,1,1
I03U_Core,a delivery man is delivering a package to a receptionist,1,1
I03U_Core,a woman is getting a package,1,1
I03U_Core,a courier service is delivering a package to an office employee,1,1
I03U_Core,a woman is receiving a package,1,1
I03U_Core,delivery man is picking up a delivery from woman,1,1
I03U_Core,woman is receiving a package from delivery man,1,1
I03U_Core,the secretary receiving a package from the mailman,1,1
I03U_Core,the mailroom man is bringing a package to the secretary,1,1
I03U_Core,a delivery man gives a woman a package,1,1
I03U_Core,a woman at a desk has just given a man a package,1,1
I03U_Core,a man is giving a package to a secretary,1,1
I03U_Core,the secretary is receiving a package from a man,1,1
I03U_Core,the man is delivering a package to the woman behind the desk,1,1
I03U_Core,the man standing is giving the woman at the desk a gift,0,0
I03U_Core,talk front table,0,0
I03U_Core,talk nurse,0,0
I03U_Core,a package is being delivered from 'fedex' to the secretary,1,1
I03U_Core,the woman is getting package,1,1
I03U_Core,the postman is giving the packet to the girl,1,1
I03U_Core,the man is passing a package to a woman,1,1
I03U_Core,woman is collecting a mail from the delivery boy,1,1
I03U_Core,the postal man is giving the woman a package,1,1
I03U_Core,the mailman is giving a mailbox,0,0
I03U_Core,the deliver man is handing a package to the woman,1,1
I03U_Core,the delivery man is falling love with the girl while delivering,0,0
I03U_Core,he is delivering a package for the woman,1,1
I03U_Core,the man is passing the package to the woman,1,1
I03U_Core,a mail carrier is delivering a box to a woman,1,1
I03U_Core,the boy gives the girl a gift for marry proposal,0,0
I03U_Core,the delivery man is sending the woman her belonging,0,0
I03U_Core,the girl was received the grift,0,0
I03U_Core,the man is sending a gift to a girl,0,0
I03U_Core,the man is giving the woman the package,1,1
I03U_Core,a postman is handing the post box to a woman,1,1
I03U_Core,the man is giving a package to the lady,1,1
I03U_Core,the female clerk is getting a box from a express worker,1,1
I03U_Core,the postman is handing a package to the young woman who sits behind the reception desk,1,1
I03U_Core,the woman is receiving the package from the boy,1,1
I03U_Core,the post man is giving a package to a woman,1,1
I03U_Core,a man is giving a package to a woman,1,1
I03U_Core,the man is giving present to the woman,0,0
I03U_Core,a woman is accepting a gift from a man,0,0
I03U_Core,a woman is claiming her package,0,0
I03U_Core,the poster is giving a box to the woman,1,1
I03U_Core,the boy is returning a book to the center desk,0,0
I03U_Core,the man is giving a package to the woman,1,1
I03U_Core,the post man is delivering the box to the woman,1,1
I03U_Core,the postman is delivering the delivery to the woman,1,1
I03U_Core,the man is delivering a package to a woman,1,1
I03U_Core,the mailman is giving the mail to the woman,1,1
I03U_Core,a man with a cap is giving a box to a lady,1,1
I03U_Core,the mailman is handing a package to a woman,1,1
I03U_Core,the man is giving a package to a woman,1,1
I03U_Core,a currier is delivering a package to a office girl,1,1
I03U_Core,the man is delivering package,1,1
I03U_Core,a woman just received a mail box from a man,1,1
I03U_Core,the mail carrier is handing a package to the lady,1,1
I03U_Core,a man is handing a mail box to a woman,1,1
I03U_Core,a boy is delivering a box to the woman,1,1
I03U_Core,the deliver gives a box to a woman,1,1
I03U_Core,the man is sending the package to the woman,0,0
I03U_Core,the post-man is delivering a package to the woman in the front office,1,1
I03U_Core,a postman is giving a package to a woman,1,1
I03U_Core,the courier is giving the package to the woman,1,1
I03U_Core,a lady receiving a package from a staff,1,1
I03U_Core,the man give the girl a baggage,0,0
I03U_Core,the man is delivering a package to the woman,1,1
I03U_Core,a man is passing a package to a woman,1,1
I03U_Core,a postman is sending a package to a woman,0,0
I03U_Core,the man is handing a box to the woman,1,1
I03U_Core,the lady is revive package,0,0
I03U_Core,the girl just got a package from the mailman,1,1
I03U_Core,the receptionist is receiving a mail box from the delivering man,1,1
I03U_Core,the man give the woman package,1,1
I03U_Core,the man is giving a box to the woman,1,1
I03U_Core,a man is delivering,0,0
I03U_Core,the man gives the bag to the girl,0,0
I03U_Core,a mailman is giving a woman package,1,1
I03U_Core,the poster is handing a package to a women who siting behind the desk,1,1
I03U_Core,the clerk is receiving a package,1,1
I03U_Core,a boy is giving his teacher a gift,0,0
I03U_Core,the transporter is pass the package to the woman,1,1
I03U_Core,the postman is delivering a package to a young office lady,1,1
I03U_Core,the woman is receiving a package from staff,1,1
I03U_Core,the package is being delivered to the receptionist,1,1
I03U_Core,the receptionist is receiving the package,1,1
I03U_Core,he is delivering a package to the office,1,1
I03U_Core,he is giving the box to the office worker,1,1
I03U_Core,she is getting a package,1,1
I03U_Core,he is giving her a package,1,1
I03U_Core,the woman is getting a package,1,1
I03U_Core,the man delivers a parcel,1,1
I03U_Core,the man in the hat is giving the lady a package,1,1
I03U_Core,the lady sitting at the desk is accepting the package from the man,1,1
I03U_Core,the woman is getting a delivery from the post office,1,1
I03U_Core,the man is delivering a package to the woman at her office,1,1
I03U_Core,the man could be picking up a package from the woman at her office,1,1
I03U_Core,the man is giving the woman a package,1,1
I03U_Gramm,the lady is receiving a package,1,1
I03U_Gramm,the man is handing the lady a package,1,1
I03U_Gramm,a delivery person is accepting a package,1,1
I03U_Gramm,a woman is accepting a package from a delivery man,1,1
I03U_Gramm,the man is delivering a package,1,1
I03U_Gramm,the woman is receiving a package,1,1
I03U_Gramm,a guy is handing a box to a girl,1,1
I03U_Gramm,a girl is holding a box,1,1
I03U_Gramm,the receptionist is receiving a package,1,1
I03U_Gramm,the boy gives the package to the girl,1,1
I03U_Gramm,the girl receives the package from the guy,1,1
I03U_Gramm,the woman is the recipient of ta parcel conveyed by the mailman,0,0
I03U_Gramm,the woman receives a package,1,1
I03U_Gramm,the delivery man has arrived,1,1
I03U_Gramm,a woman received a package from the delivery boy,1,1
I03U_Gramm,the woman is sending a package with delivery pickup services,1,1
I03U_Gramm,a man is delivering a package,1,1
I03U_Gramm,a woman is receiving a delivery,1,1
I03U_Gramm,the delivery man gives a package to the receptionist,1,1
I03U_Gramm,the man is delivering a parcel to the woman,1,1
I03U_Gramm,the man is looking over the head of the woman while delivering the package,1,1
I03U_Gramm,a woman receives a package,1,1
I03U_Gramm,a man delivers a package,1,1
I03U_Gramm,a delivery man is handing a package to a lady,1,1
I03U_Gramm,a seated lady is handing a package to a delivery man who just arrived,1,1
I03U_Gramm,a package is being exchanged between two people,1,1
I03U_Gramm,two people are exchanging a package,1,1
I03U_Gramm,the delivery man is delivering a package,1,1
I03U_Gramm,the secretary is accepting a package,1,1
I03U_Gramm,the man gives the woman a box,1,1
I03U_Gramm,the woman receives a box from the man,1,1
I03U_Gramm,the woman at the desk is receiving a package,1,1
I03U_Gramm,the delivery man is giving the woman a package,1,1
I03U_Gramm,the man is delivering the package to the woman,1,1
I03U_Gramm,the woman is receiving a package from the delivery man,1,1
I03U_Gramm,a woman accepts a delivery,1,1
I03U_Gramm,the delievery man hands the receptionist a package,1,1
I03U_Gramm,the delivery man is giving the lady a package,1,1
I03U_Gramm,the lady is accepting a package from the delivery man,1,1
I03U_Gramm,the secretary is receiving a package from the delivery man,1,1
I03U_Gramm,the delivery man is delivering a package to the secretary,1,1
I03U_Gramm,the girl is receiving a package,1,1
I03U_Gramm,receiving a gift,1,1
I03U_Gramm,happy about this,0,0
I03U_Gramm,a delivery man is handing a receptionist a package,1,1
I03U_Gramm,the woman is accepting a package from a delivery man,1,1
I03U_Gramm,a courier is making a delivery,1,1
I03U_Gramm,a woman is accepting a delivery,1,1
I03U_Gramm,the receptionist is accepting a package from the delivery man,1,1
I03U_Gramm,the delivery man is giving the receptionist a package,1,1
I03U_Gramm,a delivery man is giving an office worker a package,1,1
I03U_Gramm,to a woman,0,0
I03U_Gramm,the woman gets the package from the deliveryman,1,1
I03U_Gramm,the delivery man gives the package to the woman,1,1
I03U_Gramm,a woman is receiving a package from a delivery man,1,1
I03U_Gramm,a man is delivering a package to a woman,1,1
I03U_Gramm,man giving a woman a package,0,0
I03U_Gramm,a man is delivering a package to a woman at her desk,1,1
I03U_Gramm,a woman is flirtatiously receiving a package at her job,1,1
I03U_Gramm,there is a delivery being made at an office,1,1
I03U_Gramm,a man is handing a package to the secretary,1,1
I03U_Gramm,a delivery is being made,1,1
I03U_Gramm,a man is handing a woman a box,1,1
I03U_Gramm,a delivery man is handing a package to an office worker,1,1
I03U_Gramm,a woman with an abnormally small waist is receiving a package from a delivery man,1,1
I03U_Gramm,a package is being delivered to a receptionist,1,1
I03U_Gramm,a receptionist is receiving a delivery package,1,1
I03U_Gramm,the man gives a package to the woman,1,1
I03U_Gramm,the office has received a delivery,1,1
I03U_Gramm,man is delivering package,0,0
I03U_Gramm,lady is accepting package delivery,0,0
I03U_Gramm,a package is delivered,1,1
I03U_Gramm,a delivery man is giving a woman a box,1,1
I03U_Gramm,a woman is receiving a box from a delivery man,1,1
I03U_Gramm,someone sent a box to the office,1,1
I03U_Gramm,a messenger is delivering a package to a receptionist at an office,1,1
I03U_Gramm,"a receptionist, behind a desk in an office, is receiving a package delivered by a messenger",1,1
I03U_Gramm,this guy gaveling a gifted to a woman,0,0
I03U_Gramm,this guy given to a woman,0,0
I03U_Gramm,the delivery guy is giving the lady a package,1,1
I03U_Gramm,a girl is receiving a package,1,1
I03U_Gramm,a boy is delivering a package,1,1
I03U_Gramm,the secretary is receiving a package while seated at a desk from a delivery man,0,0
I03U_Gramm,the deliveryman is handing a package to a woman behind a desk,1,1
I03U_Gramm,the delivery guy drops off a package,1,1
I03U_Gramm,the lady receives a package,1,1
I03U_Gramm,the postman is giving the mail to an employee,1,1
I03U_Gramm,an employee is getting the mail from the postman,1,1
I03U_Gramm,the man is handing the woman a package,1,1
I03U_Gramm,the woman is receiving a gift from the man,1,1
I03U_Gramm,a parcel is being delivered to a receptionist,1,1
I03U_Gramm,a delivery person is delivering a parcel,1,1
I03U_Gramm,a delivery guy is dropping off a package,1,1
I03U_Gramm,the girl is accepting a delivery,1,1
I03U_Gramm,she is taking the package,1,1
I03U_Gramm,the delivery man hands her the package,1,1
I03U_Gramm,the secretary received a package,1,1
I03U_Gramm,a package was delivered to the office,1,1
I03U_Gramm,the secretary is receiving a package delivery,1,1
I03U_Gramm,the delivery service drops off a package to its destination,1,1
I03U_Gramm,courier man handing over the package to a woman,0,0
I03U_Gramm,woman receiving the package from a delivery guy,0,0
I03U_Gramm,the receptionist accepts the delivery,1,1
I03U_Gramm,the delivery person hands the box to the woman,1,1
I03U_Gramm,a receptionist is accepting a package from a delivery man,1,1
I03U_Gramm,a delivery man is picking up a package to be mailed,1,1
I03U_Gramm,delivery,0,0
I03U_Gramm,package,0,0
I03U_Gramm,woman is reciving a package,0,0
I03U_Gramm,man is handing over a package to the woman,0,0
I03U_Gramm,a delivery man is handing a package to a receptionist,1,1
I03U_Gramm,a delivery man is giving a package to a woman at a desk,1,1
I03U_Gramm,a man is giving a package,1,1
I03U_Gramm,a small package delivery associate is delivering a package,1,1
I03U_Gramm,this lady is recieving a package,1,1
I03U_Gramm,the receptionist is receiving a package from the delivery man,1,1
I03U_Gramm,the office worker gave the courier a package to deliver,1,1
I03U_Gramm,the courier is delivering a package to the office worker,1,1
I03U_Gramm,a woman is receiving a box from a man,1,1
I03U_Gramm,receptionist receiving a package,0,0
I03U_Gramm,a woman receiving a package,0,0
I03U_Gramm,a man is handing a package to a woman,1,1
I03U_Gramm,a woman is getting a package from a man,1,1
I03U_Gramm,a delivery man is delivering a package to a receptionist,1,1
I03U_Gramm,a woman is getting a package,1,1
I03U_Gramm,a courier service is delivering a package to an office employee,1,1
I03U_Gramm,a woman is receiving a package,1,1
I03U_Gramm,delivery man is picking up a delivery from woman,0,0
I03U_Gramm,woman is receiving a package from delivery man,0,0
I03U_Gramm,the secretary receiving a package from the mailman,0,0
I03U_Gramm,the mailroom man is bringing a package to the secretary,1,1
I03U_Gramm,a delivery man gives a woman a package,1,1
I03U_Gramm,a woman at a desk has just given a man a package,1,1
I03U_Gramm,a man is giving a package to a secretary,1,1
I03U_Gramm,the secretary is receiving a package from a man,1,1
I03U_Gramm,the man is delivering a package to the woman behind the desk,1,1
I03U_Gramm,the man standing is giving the woman at the desk a gift,1,1
I03U_Gramm,talk front table,0,0
I03U_Gramm,talk nurse,0,0
I03U_Gramm,a delivery from a man from a delivery service,0,0
I03U_Gramm,a package is being delivered from 'fedex' to the secretary,1,1
I03U_Gramm,the woman is getting package,0,0
I03U_Gramm,the postman is giving the packet to the girl,1,1
I03U_Gramm,the man is passing a package to a woman,1,1
I03U_Gramm,woman is collecting a mail from the delivery boy,0,0
I03U_Gramm,the postal man is giving the woman a package,1,1
I03U_Gramm,he is delivering a package for the woman,1,1
I03U_Gramm,the man is passing the package to the woman,1,1
I03U_Gramm,a mail carrier is delivering a box to a woman,1,1
I03U_Gramm,the boy gives the girl a gift for marry proposal,0,0
I03U_Gramm,the girl was received the grift,0,0
I03U_Gramm,the man is sending a gift to a girl,1,1
I03U_Gramm,the man is giving the woman the package,1,1
I03U_Gramm,a postman is handing the post box to a woman,1,1
I03U_Gramm,the man is giving a package to the lady,1,1
I03U_Gramm,the female clerk is getting a box from a express worker,0,0
I03U_Gramm,the postman is handing a package to the young woman who sits behind the reception desk,1,1
I03U_Gramm,the woman is receiving the package from the boy,1,1
I03U_Gramm,the post man is giving a package to a woman,1,1
I03U_Gramm,a man is giving a package to a woman,1,1
I03U_Gramm,the man is giving present to the woman,0,0
I03U_Gramm,a woman is accepting a gift from a man,1,1
I03U_Gramm,a woman is claiming her package,1,1
I03U_Gramm,the boy is returning a book to the center desk,1,1
I03U_Gramm,the man is giving a package to the woman,1,1
I03U_Gramm,the post man is delivering the box to the woman,1,1
I03U_Gramm,the postman is delivering the delivery to the woman,1,1
I03U_Gramm,the man is delivering a package to a woman,1,1
I03U_Gramm,the mailman is giving the mail to the woman,1,1
I03U_Gramm,the girl is receiving a thing from that man,1,1
I03U_Gramm,a man with a cap is giving a box to a lady,1,1
I03U_Gramm,the mailman is handing a package to a woman,1,1
I03U_Gramm,the man is giving a package to a woman,1,1
I03U_Gramm,the man is delivering package,0,0
I03U_Gramm,a woman just received a mail box from a man,1,1
I03U_Gramm,the mail carrier is handing a package to the lady,1,1
I03U_Gramm,a man is handing a mail box to a woman,1,1
I03U_Gramm,a boy is delivering a box to the woman,1,1
I03U_Gramm,the deliver gives a box to a woman,0,0
I03U_Gramm,the man is sending the package to the woman,1,1
I03U_Gramm,the post-man is delivering a package to the woman in the front office,1,1
I03U_Gramm,a postman is giving a package to a woman,1,1
I03U_Gramm,the courier is giving the package to the woman,1,1
I03U_Gramm,a lady receiving a package from a staff,0,0
I03U_Gramm,the man give the girl a baggage,0,0
I03U_Gramm,the man is delivering a package to the woman,1,1
I03U_Gramm,a man is passing a package to a woman,1,1
I03U_Gramm,a postman is sending a package to a woman,1,1
I03U_Gramm,the man is handing a box to the woman,1,1
I03U_Gramm,the lady is revive package,0,0
I03U_Gramm,the girl just got a package from the mailman,1,1
I03U_Gramm,the man give the woman package,0,0
I03U_Gramm,the man is giving a box to the woman,1,1
I03U_Gramm,the man gives the bag to the girl,1,1
I03U_Gramm,a mailman is giving a woman package,0,0
I03U_Gramm,the poster is handing a package to a women who siting behind the desk,0,0
I03U_Gramm,the clerk is receiving a package,1,1
I03U_Gramm,a boy is giving his teacher a gift,1,1
I03U_Gramm,the transporter is pass the package to the woman,0,0
I03U_Gramm,the postman is delivering a package to a young office lady,1,1
I03U_Gramm,the woman is receiving a package from staff,1,1
I03U_Gramm,the package is being delivered to the receptionist,1,1
I03U_Gramm,the receptionist is receiving the package,1,1
I03U_Gramm,he is delivering a package to the office,1,1
I03U_Gramm,he is giving the box to the office worker,1,1
I03U_Gramm,she is getting a package,1,1
I03U_Gramm,he is giving her a package,1,1
I03U_Gramm,the woman is getting a package,1,1
I03U_Gramm,the man delivers a parcel,1,1
I03U_Gramm,the man in the hat is giving the lady a package,1,1
I03U_Gramm,the lady sitting at the desk is accepting the package from the man,1,1
I03U_Gramm,the woman is getting a delivery from the post office,1,1
I03U_Gramm,the man is delivering a package to the woman at her office,1,1
I03U_Gramm,the man could be picking up a package from the woman at her office,1,1
I03U_Gramm,the man is giving the woman a package,1,1
I03U_Interp,the lady is receiving a package,1,1
I03U_Interp,the man is handing the lady a package,1,1
I03U_Interp,a woman is accepting a package from a delivery man,1,1
I03U_Interp,the man is delivering a package,1,1
I03U_Interp,the woman is receiving a package,1,1
I03U_Interp,a guy is handing a box to a girl,1,1
I03U_Interp,a girl is holding a box,1,1
I03U_Interp,the receptionist is receiving a package,1,1
I03U_Interp,the delivery man is handing package to the receptionist,1,1
I03U_Interp,the boy gives the package to the girl,1,1
I03U_Interp,the girl receives the package from the guy,1,1
I03U_Interp,the woman is the recipient of ta parcel conveyed by the mailman,1,1
I03U_Interp,the woman receives a package,1,1
I03U_Interp,the delivery man has arrived,1,1
I03U_Interp,a woman received a package from the delivery boy,1,1
I03U_Interp,the woman is sending a package with delivery pickup services,1,1
I03U_Interp,a man is delivering a package,1,1
I03U_Interp,the delivery man gives a package to the receptionist,1,1
I03U_Interp,the man is delivering a parcel to the woman,1,1
I03U_Interp,the man is looking over the head of the woman while delivering the package,1,1
I03U_Interp,a woman receives a package,1,1
I03U_Interp,a man delivers a package,1,1
I03U_Interp,a delivery man is handing a package to a lady,1,1
I03U_Interp,a seated lady is handing a package to a delivery man who just arrived,1,1
I03U_Interp,the delivery man is delivering a package,1,1
I03U_Interp,the secretary is accepting a package,1,1
I03U_Interp,the man gives the woman a box,1,1
I03U_Interp,the woman receives a box from the man,1,1
I03U_Interp,the woman at the desk is receiving a package,1,1
I03U_Interp,the delivery man is giving the woman a package,1,1
I03U_Interp,the man is delivering the package to the woman,1,1
I03U_Interp,the woman is receiving a package from the delivery man,1,1
I03U_Interp,the delievery man hands the receptionist a package,1,1
I03U_Interp,the delivery man is giving the lady a package,1,1
I03U_Interp,the lady is accepting a package from the delivery man,1,1
I03U_Interp,the secretary is receiving a package from the delivery man,1,1
I03U_Interp,the delivery man is delivering a package to the secretary,1,1
I03U_Interp,the girl is receiving a package,1,1
I03U_Interp,receiving a gift,0,0
I03U_Interp,happy about this,0,0
I03U_Interp,a delivery man is handing a receptionist a package,1,1
I03U_Interp,the woman is accepting a package from a delivery man,1,1
I03U_Interp,the receptionist is accepting a package from the delivery man,1,1
I03U_Interp,the delivery man is giving the receptionist a package,1,1
I03U_Interp,delivering mail package,0,0
I03U_Interp,to a woman,0,0
I03U_Interp,the woman gets the package from the deliveryman,1,1
I03U_Interp,the delivery man gives the package to the woman,1,1
I03U_Interp,a woman is receiving a package from a delivery man,1,1
I03U_Interp,a man is delivering a package to a woman,1,1
I03U_Interp,man giving a woman a package,1,1
I03U_Interp,a man is delivering a package to a woman at her desk,1,1
I03U_Interp,a woman is flirtatiously receiving a package at her job,1,1
I03U_Interp,there is a delivery being made at an office,0,0
I03U_Interp,a man is handing a package to the secretary,1,1
I03U_Interp,a delivery is being made,0,0
I03U_Interp,a man is handing a woman a box,1,1
I03U_Interp,a woman with an abnormally small waist is receiving a package from a delivery man,1,1
I03U_Interp,a package is being delivered to a receptionist,1,1
I03U_Interp,a receptionist is receiving a delivery package,1,1
I03U_Interp,the man gives a package to the woman,1,1
I03U_Interp,the office has received a delivery,0,0
I03U_Interp,man is delivering package,1,1
I03U_Interp,lady is accepting package delivery,1,1
I03U_Interp,a package is delivered,0,0
I03U_Interp,a delivery man is giving a woman a box,1,1
I03U_Interp,a woman is receiving a box from a delivery man,1,1
I03U_Interp,someone sent a box to the office,0,0
I03U_Interp,a messenger is delivering a package to a receptionist at an office,1,1
I03U_Interp,"a receptionist, behind a desk in an office, is receiving a package delivered by a messenger",0,0
I03U_Interp,this guy gaveling a gifted to a woman,0,0
I03U_Interp,this guy given to a woman,0,0
I03U_Interp,the delivery guy is giving the lady a package,1,1
I03U_Interp,a girl is receiving a package,1,1
I03U_Interp,a boy is delivering a package,1,1
I03U_Interp,the secretary is receiving a package while seated at a desk from a delivery man,1,1
I03U_Interp,the deliveryman is handing a package to a woman behind a desk,1,1
I03U_Interp,the delivery guy drops off a package,1,1
I03U_Interp,the lady receives a package,1,1
I03U_Interp,the man is handing the woman a package,1,1
I03U_Interp,the woman is receiving a gift from the man,1,1
I03U_Interp,a delivery guy is dropping off a package,1,1
I03U_Interp,she is taking the package,1,1
I03U_Interp,the delivery man hands her the package,1,1
I03U_Interp,the secretary received a package,1,1
I03U_Interp,a package was delivered to the office,0,0
I03U_Interp,the secretary is receiving a package delivery,1,1
I03U_Interp,courier man handing over the package to a woman,1,1
I03U_Interp,woman receiving the package from a delivery guy,1,1
I03U_Interp,giving present,0,0
I03U_Interp,giving nice present,0,0
I03U_Interp,a receptionist is accepting a package from a delivery man,1,1
I03U_Interp,a delivery man is picking up a package to be mailed,1,1
I03U_Interp,delivery,0,0
I03U_Interp,package,0,0
I03U_Interp,woman is reciving a package,1,1
I03U_Interp,man is handing over a package to the woman,1,1
I03U_Interp,a delivery man is handing a package to a receptionist,1,1
I03U_Interp,a delivery man is giving a package to a woman at a desk,1,1
I03U_Interp,a man is giving a package,1,1
I03U_Interp,this lady is recieving a package,1,1
I03U_Interp,the receptionist is receiving a package from the delivery man,1,1
I03U_Interp,a woman is receiving a box from a man,1,1
I03U_Interp,the delivering man is handing a box to a lady,1,1
I03U_Interp,receptionist receiving a package,1,1
I03U_Interp,a woman receiving a package,1,1
I03U_Interp,a man is handing a package to a woman,1,1
I03U_Interp,a woman is getting a package from a man,1,1
I03U_Interp,a delivery man is delivering a package to a receptionist,1,1
I03U_Interp,a woman is getting a package,1,1
I03U_Interp,a woman is receiving a package,1,1
I03U_Interp,woman is receiving a package from delivery man,1,1
I03U_Interp,the secretary receiving a package from the mailman,1,1
I03U_Interp,the mailroom man is bringing a package to the secretary,1,1
I03U_Interp,a delivery man gives a woman a package,1,1
I03U_Interp,a woman at a desk has just given a man a package,1,1
I03U_Interp,a man is giving a package to a secretary,1,1
I03U_Interp,the secretary is receiving a package from a man,1,1
I03U_Interp,the man is delivering a package to the woman behind the desk,1,1
I03U_Interp,the man standing is giving the woman at the desk a gift,1,1
I03U_Interp,talk front table,0,0
I03U_Interp,talk nurse,0,0
I03U_Interp,a delivery from a man from a delivery service,0,0
I03U_Interp,a package is being delivered from 'fedex' to the secretary,1,1
I03U_Interp,the woman is getting package,1,1
I03U_Interp,the postman is giving the packet to the girl,1,1
I03U_Interp,the man is passing a package to a woman,1,1
I03U_Interp,woman is collecting a mail from the delivery boy,1,1
I03U_Interp,the postal man is giving the woman a package,1,1
I03U_Interp,the deliver man is handing a package to the woman,1,1
I03U_Interp,he is delivering a package for the woman,1,1
I03U_Interp,the man is passing the package to the woman,1,1
I03U_Interp,a mail carrier is delivering a box to a woman,1,1
I03U_Interp,the boy gives the girl a gift for marry proposal,1,1
I03U_Interp,the delivery man is sending the woman her belonging,0,0
I03U_Interp,the girl was received the grift,0,0
I03U_Interp,the man is sending a gift to a girl,1,1
I03U_Interp,the man is giving the woman the package,1,1
I03U_Interp,a postman is handing the post box to a woman,1,1
I03U_Interp,the man is giving a package to the lady,1,1
I03U_Interp,the female clerk is getting a box from a express worker,1,1
I03U_Interp,the postman is handing a package to the young woman who sits behind the reception desk,1,1
I03U_Interp,the woman is receiving the package from the boy,1,1
I03U_Interp,the post man is giving a package to a woman,1,1
I03U_Interp,a man is giving a package to a woman,1,1
I03U_Interp,the man is giving present to the woman,1,1
I03U_Interp,a woman is accepting a gift from a man,1,1
I03U_Interp,a woman is claiming her package,1,1
I03U_Interp,the boy is returning a book to the center desk,1,1
I03U_Interp,the man is giving a package to the woman,1,1
I03U_Interp,the post man is delivering the box to the woman,1,1
I03U_Interp,the man is delivering a package to a woman,1,1
I03U_Interp,the mailman is giving the mail to the woman,1,1
I03U_Interp,a man with a cap is giving a box to a lady,1,1
I03U_Interp,the mailman is handing a package to a woman,1,1
I03U_Interp,the man is giving a package to a woman,1,1
I03U_Interp,a currier is delivering a package to a office girl,1,1
I03U_Interp,the man is delivering package,1,1
I03U_Interp,a woman just received a mail box from a man,1,1
I03U_Interp,the mail carrier is handing a package to the lady,1,1
I03U_Interp,a man is handing a mail box to a woman,1,1
I03U_Interp,a boy is delivering a box to the woman,1,1
I03U_Interp,the deliver gives a box to a woman,0,0
I03U_Interp,the post-man is delivering a package to the woman in the front office,1,1
I03U_Interp,a postman is giving a package to a woman,1,1
I03U_Interp,the courier is giving the package to the woman,1,1
I03U_Interp,a lady receiving a package from a staff,1,1
I03U_Interp,the man give the girl a baggage,1,1
I03U_Interp,the man is delivering a package to the woman,1,1
I03U_Interp,a man is passing a package to a woman,1,1
I03U_Interp,a postman is sending a package to a woman,1,1
I03U_Interp,the man is handing a box to the woman,1,1
I03U_Interp,the lady is revive package,0,0
I03U_Interp,the girl just got a package from the mailman,1,1
I03U_Interp,the receptionist is receiving a mail box from the delivering man,1,1
I03U_Interp,the man give the woman package,1,1
I03U_Interp,the man is giving a box to the woman,1,1
I03U_Interp,a man is delivering,0,0
I03U_Interp,the man gives the bag to the girl,1,1
I03U_Interp,a mailman is giving a woman package,1,1
I03U_Interp,the clerk is receiving a package,1,1
I03U_Interp,a boy is giving his teacher a gift,1,1
I03U_Interp,the transporter is pass the package to the woman,1,1
I03U_Interp,the postman is delivering a package to a young office lady,1,1
I03U_Interp,the woman is receiving a package from staff,1,1
I03U_Interp,the package is being delivered to the receptionist,1,1
I03U_Interp,the receptionist is receiving the package,1,1
I03U_Interp,he is delivering a package to the office,1,1
I03U_Interp,he is giving the box to the office worker,1,1
I03U_Interp,she is getting a package,1,1
I03U_Interp,he is giving her a package,1,1
I03U_Interp,the woman is getting a package,1,1
I03U_Interp,the man delivers a parcel,1,1
I03U_Interp,the man in the hat is giving the lady a package,1,1
I03U_Interp,the lady sitting at the desk is accepting the package from the man,1,1
I03U_Interp,the woman is getting a delivery from the post office,1,1
I03U_Interp,the man is delivering a package to the woman at her office,1,1
I03U_Interp,the man could be picking up a package from the woman at her office,0,0
I03U_Interp,the man is giving the woman a package,1,1
I03U_Verif,the lady is receiving a package,1,1
I03U_Verif,the man is handing the lady a package,1,1
I03U_Verif,a delivery person is accepting a package,1,1
I03U_Verif,a woman is accepting a package from a delivery man,1,1
I03U_Verif,the man is delivering a package,1,1
I03U_Verif,the woman is receiving a package,1,1
I03U_Verif,a guy is handing a box to a girl,1,1
I03U_Verif,a girl is holding a box,0,0
I03U_Verif,the receptionist is receiving a package,1,1
I03U_Verif,the delivery man is handing package to the receptionist,1,1
I03U_Verif,the boy gives the package to the girl,1,1
I03U_Verif,the girl receives the package from the guy,1,1
I03U_Verif,"the finance is gifting a box to his wife-to-be on their anniversary, for it is a token of his passion",0,0
I03U_Verif,the woman receives a package,1,1
I03U_Verif,the delivery man has arrived,1,1
I03U_Verif,a woman received a package from the delivery boy,1,1
I03U_Verif,the woman is sending a package with delivery pickup services,1,1
I03U_Verif,a man is delivering a package,1,1
I03U_Verif,a woman is receiving a delivery,1,1
I03U_Verif,the man is delivering a parcel to the woman,1,1
I03U_Verif,a woman receives a package,1,1
I03U_Verif,a man delivers a package,1,1
I03U_Verif,a delivery man is handing a package to a lady,1,1
I03U_Verif,a package is being exchanged between two people,1,1
I03U_Verif,two people are exchanging a package,1,1
I03U_Verif,the delivery man is delivering a package,1,1
I03U_Verif,the secretary is accepting a package,1,1
I03U_Verif,the man gives the woman a box,1,1
I03U_Verif,the woman receives a box from the man,1,1
I03U_Verif,the woman at the desk is receiving a package,1,1
I03U_Verif,the delivery man is giving the woman a package,1,1
I03U_Verif,the man is delivering the package to the woman,1,1
I03U_Verif,the woman is receiving a package from the delivery man,1,1
I03U_Verif,a woman accepts a delivery,1,1
I03U_Verif,the delievery man hands the receptionist a package,1,1
I03U_Verif,the delivery man is giving the lady a package,1,1
I03U_Verif,the lady is accepting a package from the delivery man,1,1
I03U_Verif,the secretary is receiving a package from the delivery man,1,1
I03U_Verif,the delivery man is delivering a package to the secretary,1,1
I03U_Verif,the girl is receiving a package,1,1
I03U_Verif,receiving a gift,0,0
I03U_Verif,happy about this,0,0
I03U_Verif,a delivery man is handing a receptionist a package,1,1
I03U_Verif,the woman is accepting a package from a delivery man,1,1
I03U_Verif,a courier is making a delivery,1,1
I03U_Verif,a woman is accepting a delivery,1,1
I03U_Verif,the receptionist is accepting a package from the delivery man,1,1
I03U_Verif,a delivery man is giving an office worker a package,1,1
I03U_Verif,to a woman,0,0
I03U_Verif,the woman gets the package from the deliveryman,1,1
I03U_Verif,the delivery man gives the package to the woman,1,1
I03U_Verif,a woman is receiving a package from a delivery man,1,1
I03U_Verif,a man is delivering a package to a woman,1,1
I03U_Verif,man giving a woman a package,1,1
I03U_Verif,a man is delivering a package to a woman at her desk,1,1
I03U_Verif,there is a delivery being made at an office,1,1
I03U_Verif,a man is handing a package to the secretary,1,1
I03U_Verif,a delivery is being made,1,1
I03U_Verif,a man is handing a woman a box,1,1
I03U_Verif,a delivery man is handing a package to an office worker,1,1
I03U_Verif,a woman with an abnormally small waist is receiving a package from a delivery man,1,1
I03U_Verif,a package is being delivered to a receptionist,1,1
I03U_Verif,the man gives a package to the woman,1,1
I03U_Verif,the office has received a delivery,1,1
I03U_Verif,man is delivering package,1,1
I03U_Verif,lady is accepting package delivery,1,1
I03U_Verif,a package is delivered,1,1
I03U_Verif,a delivery man is giving a woman a box,1,1
I03U_Verif,a woman is receiving a box from a delivery man,1,1
I03U_Verif,someone sent a box to the office,1,1
I03U_Verif,a messenger is delivering a package to a receptionist at an office,1,1
I03U_Verif,this guy gaveling a gifted to a woman,0,0
I03U_Verif,this guy given to a woman,0,0
I03U_Verif,the delivery guy is giving the lady a package,1,1
I03U_Verif,a girl is receiving a package,1,1
I03U_Verif,a boy is delivering a package,1,1
I03U_Verif,the secretary is receiving a package while seated at a desk from a delivery man,1,1
I03U_Verif,the deliveryman is handing a package to a woman behind a desk,1,1
I03U_Verif,the delivery guy drops off a package,1,1
I03U_Verif,the lady receives a package,1,1
I03U_Verif,the postman is giving the mail to an employee,1,1
I03U_Verif,an employee is getting the mail from the postman,1,1
I03U_Verif,the man is handing the woman a package,1,1
I03U_Verif,the woman is receiving a gift from the man,0,0
I03U_Verif,a parcel is being delivered to a receptionist,1,1
I03U_Verif,a delivery person is delivering a parcel,1,1
I03U_Verif,a delivery guy is dropping off a package,1,1
I03U_Verif,the girl is accepting a delivery,1,1
I03U_Verif,she is taking the package,1,1
I03U_Verif,the delivery man hands her the package,1,1
I03U_Verif,the secretary received a package,1,1
I03U_Verif,a package was delivered to the office,1,1
I03U_Verif,the secretary is receiving a package delivery,1,1
I03U_Verif,the delivery service drops off a package to its destination,1,1
I03U_Verif,courier man handing over the package to a woman,1,1
I03U_Verif,woman receiving the package from a delivery guy,1,1
I03U_Verif,the receptionist accepts the delivery,1,1
I03U_Verif,the delivery person hands the box to the woman,1,1
I03U_Verif,giving present,0,0
I03U_Verif,giving nice present,0,0
I03U_Verif,a receptionist is accepting a package from a delivery man,1,1
I03U_Verif,a delivery man is picking up a package to be mailed,1,1
I03U_Verif,package,0,0
I03U_Verif,woman is reciving a package,1,1
I03U_Verif,man is handing over a package to the woman,1,1
I03U_Verif,a delivery man is handing a package to a receptionist,1,1
I03U_Verif,a delivery man is giving a package to a woman at a desk,1,1
I03U_Verif,a man is giving a package,1,1
I03U_Verif,this lady is recieving a package,1,1
I03U_Verif,the receptionist is receiving a package from the delivery man,1,1
I03U_Verif,the office worker gave the courier a package to deliver,1,1
I03U_Verif,the courier is delivering a package to the office worker,1,1
I03U_Verif,a woman is receiving a box from a man,1,1
I03U_Verif,the delivering man is handing a box to a lady,1,1
I03U_Verif,receptionist receiving a package,1,1
I03U_Verif,a woman receiving a package,1,1
I03U_Verif,a man is handing a package to a woman,1,1
I03U_Verif,a woman is getting a package from a man,1,1
I03U_Verif,a delivery man is delivering a package to a receptionist,1,1
I03U_Verif,a woman is getting a package,1,1
I03U_Verif,a courier service is delivering a package to an office employee,1,1
I03U_Verif,a woman is receiving a package,1,1
I03U_Verif,delivery man is picking up a delivery from woman,1,1
I03U_Verif,woman is receiving a package from delivery man,1,1
I03U_Verif,the secretary receiving a package from the mailman,1,1
I03U_Verif,a delivery man gives a woman a package,1,1
I03U_Verif,a woman at a desk has just given a man a package,1,1
I03U_Verif,a man is giving a package to a secretary,1,1
I03U_Verif,the man is delivering a package to the woman behind the desk,1,1
I03U_Verif,the man standing is giving the woman at the desk a gift,0,0
I03U_Verif,talk front table,0,0
I03U_Verif,talk nurse,0,0
I03U_Verif,a package is being delivered from 'fedex' to the secretary,0,0
I03U_Verif,the woman is getting package,1,1
I03U_Verif,the postman is giving the packet to the girl,1,1
I03U_Verif,the man is passing a package to a woman,1,1
I03U_Verif,woman is collecting a mail from the delivery boy,1,1
I03U_Verif,the postal man is giving the woman a package,1,1
I03U_Verif,the mailman is giving a mailbox,0,0
I03U_Verif,the deliver man is handing a package to the woman,1,1
I03U_Verif,the delivery man is falling love with the girl while delivering,0,0
I03U_Verif,he is delivering a package for the woman,1,1
I03U_Verif,the man is passing the package to the woman,1,1
I03U_Verif,a mail carrier is delivering a box to a woman,1,1
I03U_Verif,the boy gives the girl a gift for marry proposal,0,0
I03U_Verif,the delivery man is sending the woman her belonging,0,0
I03U_Verif,the girl was received the grift,0,0
I03U_Verif,the man is sending a gift to a girl,0,0
I03U_Verif,the man is giving the woman the package,1,1
I03U_Verif,a postman is handing the post box to a woman,1,1
I03U_Verif,the man is giving a package to the lady,1,1
I03U_Verif,the postman is handing a package to the young woman who sits behind the reception desk,1,1
I03U_Verif,the woman is receiving the package from the boy,1,1
I03U_Verif,the post man is giving a package to a woman,1,1
I03U_Verif,a man is giving a package to a woman,1,1
I03U_Verif,the man is giving present to the woman,0,0
I03U_Verif,a woman is claiming her package,1,1
I03U_Verif,the boy is returning a book to the center desk,0,0
I03U_Verif,the man is giving a package to the woman,1,1
I03U_Verif,the post man is delivering the box to the woman,1,1
I03U_Verif,the postman is delivering the delivery to the woman,1,1
I03U_Verif,the man is delivering a package to a woman,1,1
I03U_Verif,the mailman is giving the mail to the woman,1,1
I03U_Verif,the girl is receiving a thing from that man,1,1
I03U_Verif,a man with a cap is giving a box to a lady,1,1
I03U_Verif,the mailman is handing a package to a woman,1,1
I03U_Verif,the man is giving a package to a woman,1,1
I03U_Verif,a currier is delivering a package to a office girl,0,0
I03U_Verif,the man is delivering package,1,1
I03U_Verif,a woman just received a mail box from a man,1,1
I03U_Verif,the mail carrier is handing a package to the lady,1,1
I03U_Verif,a boy is delivering a box to the woman,1,1
I03U_Verif,a postman is giving a package to a woman,1,1
I03U_Verif,the courier is giving the package to the woman,1,1
I03U_Verif,the man give the girl a baggage,0,0
I03U_Verif,the man is delivering a package to the woman,1,1
I03U_Verif,a man is passing a package to a woman,1,1
I03U_Verif,the man is handing a box to the woman,1,1
I03U_Verif,the lady is revive package,0,0
I03U_Verif,the girl just got a package from the mailman,1,1
I03U_Verif,the receptionist is receiving a mail box from the delivering man,1,1
I03U_Verif,the man give the woman package,1,1
I03U_Verif,the man is giving a box to the woman,1,1
I03U_Verif,a man is delivering,1,1
I03U_Verif,the man gives the bag to the girl,0,0
I03U_Verif,a mailman is giving a woman package,1,1
I03U_Verif,the clerk is receiving a package,1,1
I03U_Verif,a boy is giving his teacher a gift,0,0
I03U_Verif,the postman is delivering a package to a young office lady,1,1
I03U_Verif,the package is being delivered to the receptionist,1,1
I03U_Verif,he is delivering a package to the office,1,1
I03U_Verif,he is giving the box to the office worker,1,1
I03U_Verif,she is getting a package,1,1
I03U_Verif,he is giving her a package,1,1
I03U_Verif,the woman is getting a package,1,1
I03U_Verif,the man delivers a parcel,1,1
I03U_Verif,the man in the hat is giving the lady a package,1,1
I03U_Verif,the lady sitting at the desk is accepting the package from the man,1,1
I03U_Verif,the woman is getting a delivery from the post office,1,1
I03U_Verif,the man could be picking up a package from the woman at her office,0,0
I03U_Verif,the man is giving the woman a package,1,1
